0.000000E+00 0.000000E+00 0.000000E+00 0.000000E+00 0.000000E+00
1.000000E+00 8.219408E+00 8.426161E+00 3.316559E+01 1.254814E-01
2.000000E+00 1.113044E+00 1.159450E+00 4.474582E+00 6.968395E-02
3.000000E+00 4.781392E-01 5.243816E-01 1.966658E+00 3.799897E-02
4.000000E+00 2.895755E-01 2.940203E-01 1.139896E+00 2.700968E-02
5.000000E+00 2.282829E-01 2.359725E-01 9.059995E-01 2.252391E-02
6.000000E+00 1.195459E-01 1.259290E-01 4.763757E-01 1.444741E-02
7.000000E+00 1.140222E-01 1.235178E-01 4.610044E-01 1.378671E-02
8.000000E+00 9.165019E-02 9.689723E-02 3.655947E-01 1.145002E-02
9.000000E+00 5.827623E-02 6.267738E-02 2.324883E-01 9.350401E-03
1.000000E+01 5.313137E-02 5.700083E-02 2.118549E-01 8.423383E-03
1.100000E+01 3.451455E-02 3.759125E-02 1.385535E-01 5.559023E-03
1.200000E+01 3.106430E-02 3.296864E-02 1.224399E-01 5.552994E-03
1.300000E+01 2.679895E-02 2.891724E-02 1.064229E-01 4.915129E-03
1.400000E+01 1.708046E-02 1.964388E-02 6.930496E-02 4.118213E-03
1.500000E+01 1.246665E-02 1.430564E-02 5.022947E-02 3.298984E-03
1.600000E+01 9.449132E-03 1.068174E-02 3.737239E-02 2.849122E-03
1.700000E+01 5.998386E-03 7.090385E-03 2.375766E-02 2.400197E-03
1.800000E+01 3.978245E-03 5.141384E-03 1.603429E-02 2.187183E-03
1.900000E+01 2.241790E-03 3.025787E-03 8.809064E-03 1.720400E-03
2.000000E+01 1.318270E-03 1.870443E-03 4.957840E-03 1.412365E-03
