0.000000E+00 6.724588E-01 6.480448E-01 2.607175E+00 3.385393E-02
1.000000E+00 5.060591E+00 5.397808E+00 2.084976E+01 7.008094E-02
2.000000E+00 2.909606E+00 2.808133E+00 1.138247E+01 4.914683E-02
3.000000E+00 5.187419E-01 5.607592E-01 2.111376E+00 4.692893E-02
4.000000E+00 4.575680E-01 4.916974E-01 1.867879E+00 3.060191E-02
5.000000E+00 2.873948E-01 2.961999E-01 1.146553E+00 2.049621E-02
6.000000E+00 1.721908E-01 1.782124E-01 6.855135E-01 1.558715E-02
7.000000E+00 1.400488E-01 1.505211E-01 5.688743E-01 1.222983E-02
8.000000E+00 1.203663E-01 1.314984E-01 4.910219E-01 1.273453E-02
9.000000E+00 9.666351E-02 9.765999E-02 3.773468E-01 1.114473E-02
1.000000E+01 8.407357E-02 9.008436E-02 3.380345E-01 1.017885E-02
1.100000E+01 7.801205E-02 8.153523E-02 3.104963E-01 8.559052E-03
1.200000E+01 5.877592E-02 6.340154E-02 2.369310E-01 7.277666E-03
1.300000E+01 4.909598E-02 5.212903E-02 1.947125E-01 7.714880E-03
1.400000E+01 4.570998E-02 4.958714E-02 1.841823E-01 6.343437E-03
1.500000E+01 4.333883E-02 4.543248E-02 1.718803E-01 5.590204E-03
1.600000E+01 3.205220E-02 3.461514E-02 1.283933E-01 4.863759E-03
1.700000E+01 2.470066E-02 2.612913E-02 9.724050E-02 4.374925E-03
1.800000E+01 2.036372E-02 2.173639E-02 7.987237E-02 4.307714E-03
1.900000E+01 1.604907E-02 1.800611E-02 6.370900E-02 4.328963E-03
2.000000E+01 1.269296E-02 1.419785E-02 4.932618E-02 4.351723E-03
2.100000E+01 9.492167E-03 9.854885E-03 3.517934E-02 3.473311E-03
