9.500000E-02 -9.327181E-05
1.950000E-01 3.554334E-05
2.950000E-01 5.695991E-06
3.950000E-01 -2.117116E-06
4.950000E-01 -4.935619E-05
5.950000E-01 6.455014E-06
6.950000E-01 2.060634E-04
7.950000E-01 -4.997423E-05
8.950000E-01 5.742585E-05
9.950000E-01 -5.605630E-05
1.100000E+00 -1.792807E-04
1.200000E+00 9.192254E-05
1.300000E+00 -3.182064E-05
1.400000E+00 -1.381240E-04
1.500000E+00 -6.568230E-05
1.600000E+00 -3.053149E-06
1.700000E+00 3.194993E-04
1.800000E+00 -1.416148E-04
1.900000E+00 -4.489705E-05
2.000000E+00 -3.332395E-05
2.100000E+00 -2.740311E-04
2.200000E+00 9.662948E-05
2.300000E+00 -2.601325E-05
2.400000E+00 -3.042019E-04
2.500000E+00 7.365687E-05
2.600000E+00 2.338408E-04
2.700000E+00 -6.750113E-04
2.800000E+00 -4.423551E-04
2.900000E+00 -6.671098E-04
3.000000E+00 -5.302155E-04
3.100000E+00 -1.019668E-04
3.200000E+00 -3.918456E-03
3.300000E+00 -4.832662E-04
3.400000E+00 -3.246089E-03
3.500000E+00 9.927858E-03
3.600000E+00 -6.601633E-04
3.700000E+00 -7.808310E-04
3.800000E+00 -4.293026E-05
3.900000E+00 -1.885395E-03
4.000000E+00 -4.824589E-04
4.100000E+00 -1.166010E-03
4.200000E+00 -3.494096E-04
4.300000E+00 -1.146724E-03
4.400000E+00 -1.360527E-04
4.500000E+00 -4.375244E-04
4.600000E+00 -1.930831E-04
4.700000E+00 -1.152967E-04
4.800000E+00 -2.122782E-04
4.900000E+00 -2.535934E-04
5.000000E+00 -1.447990E-02
5.100000E+00 7.100422E-04
5.200000E+00 -9.055648E-04
5.300000E+00 -1.335364E-03
5.400000E+00 -6.241563E-04
5.500000E+00 -7.348885E-04
5.600000E+00 -8.544459E-04
5.700000E+00 -5.009102E-02
5.800000E+00 -1.089458E-02
5.900000E+00 -3.606627E-04
6.000000E+00 -8.783351E-04
6.100000E+00 -1.525563E-03
6.200000E+00 -7.639418E-04
6.300000E+00 -7.774803E-04
6.400000E+00 -7.320922E-04
6.500000E+00 -8.042388E-04
6.600000E+00 -8.012220E-04
6.700000E+00 -6.274588E-04
6.800000E+00 -4.501736E-04
6.900000E+00 -1.154316E-03
7.000000E+00 -1.374929E-03
7.100000E+00 -4.179946E-02
7.200000E+00 -5.620132E-03
7.300000E+00 -1.158135E-03
7.400000E+00 -1.202347E-03
7.500000E+00 -1.356866E-03
7.600000E+00 -1.052079E-03
7.700000E+00 -9.081600E-04
7.800000E+00 -1.035859E-03
7.900000E+00 -1.103343E-03
8.000000E+00 -9.420457E-04
8.100000E+00 -2.182768E-03
8.200000E+00 -2.092726E-03
8.300000E+00 -1.617180E-03
8.400000E+00 -6.345468E-03
8.500000E+00 -1.912343E-03
8.600000E+00 -1.428037E-03
8.700000E+00 -1.218979E-03
8.800000E+00 -1.060140E-02
8.900000E+00 -1.253503E-03
8.995000E+00 -1.176535E-03
9.095000E+00 -1.082001E-03
9.195000E+00 -9.028631E-04
9.295000E+00 -8.822261E-04
9.395000E+00 -8.284032E-04
9.495000E+00 -8.486289E-04
9.595000E+00 -8.698360E-04
9.695000E+00 -8.337723E-04
9.795000E+00 -8.971861E-04
9.895000E+00 -9.503033E-04
9.995000E+00 -9.668713E-04
1.009500E+01 -7.211735E-04
1.019500E+01 -2.482641E-02
1.029500E+01 -7.852840E-04
1.039500E+01 -1.174573E-03
1.049500E+01 -8.188195E-04
1.059500E+01 -3.087839E-03
1.069500E+01 1.745040E-04
1.079500E+01 -1.687964E-03
1.089500E+01 -1.466220E-03
1.099500E+01 -1.357325E-03
1.109500E+01 -1.557904E-03
1.119500E+01 -1.225747E-03
1.129500E+01 -1.659780E-03
1.139500E+01 -1.291718E-03
1.149500E+01 -2.237002E-03
1.159500E+01 3.836718E-03
1.169500E+01 7.896810E-04
1.179500E+01 -3.389819E-03
1.189500E+01 -1.876611E-03
1.199500E+01 -1.205245E-03
1.209500E+01 -1.149493E-03
1.219500E+01 -1.292392E-03
1.229500E+01 -1.355252E-03
1.239500E+01 -9.868055E-04
1.249500E+01 -9.166689E-04
1.259500E+01 -9.056903E-04
1.269500E+01 -9.734181E-04
1.279500E+01 -9.348631E-04
1.289500E+01 -9.195856E-04
1.299500E+01 -9.481860E-04
1.309500E+01 -9.462302E-04
1.319500E+01 -1.005677E-03
1.329500E+01 -1.080267E-03
1.339500E+01 -1.103412E-03
1.349500E+01 -2.618386E-03
1.359500E+01 -4.024510E-03
1.369500E+01 -1.179583E-03
1.379500E+01 -1.205870E-03
1.389500E+01 -4.049804E-01
1.399500E+01 -1.248339E-03
1.409500E+01 -9.193619E-04
1.419500E+01 -9.216630E-04
1.429500E+01 -9.603598E-04
1.439500E+01 -8.275379E-04
1.449500E+01 1.912431E-01
1.459500E+01 -1.074468E-03
1.469500E+01 -4.065213E-03
1.479500E+01 -1.293938E-03
1.489500E+01 -1.384881E-03
1.499500E+01 -1.012541E-03
1.509500E+01 -9.681363E-04
1.519500E+01 -8.742182E-04
1.529500E+01 -1.158878E-03
1.539500E+01 -9.539437E-04
1.549500E+01 -6.315210E-04
1.559500E+01 -1.878956E-03
1.569500E+01 -1.787405E-03
1.579500E+01 -1.410994E-03
1.589500E+01 -1.398420E-03
1.599500E+01 -1.208792E-03
1.609500E+01 -3.057991E-03
1.619500E+01 -1.266095E-03
1.629500E+01 -1.316809E-03
1.639500E+01 -1.287633E-03
1.649500E+01 -1.283553E-03
1.659500E+01 -1.405941E-03
1.669500E+01 -2.286083E-03
1.679500E+01 -1.461422E-03
1.689500E+01 -1.237512E-03
1.699500E+01 -1.159196E-03
1.709500E+01 -1.166565E-03
1.719500E+01 -9.987923E-04
1.729500E+01 -1.001444E-03
1.739500E+01 -1.145270E-03
1.749500E+01 -1.129275E-03
1.759500E+01 -4.871124E-04
1.769500E+01 -1.270512E-03
1.779500E+01 -9.825888E-03
1.789500E+01 -9.451370E-04
1.799500E+01 -1.288263E-03
1.809500E+01 -1.806516E-03
1.819500E+01 -6.046965E-05
1.829500E+01 -5.285319E-04
1.839500E+01 -7.793466E-04
1.849500E+01 8.711698E-02
1.859700E+01 -1.167498E+00
1.869700E+01 -6.033442E-03
1.879700E+01 -7.722253E-04
1.889700E+01 -8.146812E-04
1.899700E+01 -7.231645E-04
1.909700E+01 -7.125653E-04
1.919700E+01 -6.437145E-04
1.929700E+01 -6.524559E-04
1.939700E+01 -6.393142E-04
1.949700E+01 -6.501314E-04
1.959700E+01 -6.544209E-04
1.969700E+01 -6.571185E-04
1.979700E+01 -6.590454E-04
1.989700E+01 -6.430720E-04
1.999700E+01 -8.594042E-04
2.009700E+01 -8.041459E-04
2.019700E+01 -4.415189E-04
2.029700E+01 -5.093395E-04
2.039700E+01 -1.121687E-03
2.049700E+01 -3.327574E-03
2.059700E+01 -4.851699E-04
2.069700E+01 -1.310895E-04
2.079700E+01 -1.184739E-02
2.089700E+01 6.563317E-04
2.099700E+01 1.570864E-04
2.109700E+01 -7.747241E-04
2.119700E+01 -8.272198E-04
2.129700E+01 -7.682619E-04
2.139700E+01 -8.135964E-04
2.149700E+01 -1.095979E-03
2.159700E+01 -6.258857E-04
2.169700E+01 -2.139764E-03
2.179700E+01 -5.304092E-04
2.189700E+01 -4.067413E-04
2.199700E+01 -7.884354E-04
2.209700E+01 -7.727620E-04
2.219700E+01 -7.810797E-04
2.229700E+01 -8.014522E-04
2.239700E+01 -8.020872E-04
2.249700E+01 -7.897475E-04
2.259700E+01 -8.044989E-04
2.269700E+01 -2.016937E-03
2.279700E+01 -7.531989E-04
2.289700E+01 -8.402644E-04
2.299700E+01 -7.625691E-04
2.309700E+01 -7.954560E-04
2.319700E+01 -7.797318E-04
2.329700E+01 -7.859020E-04
2.339700E+01 -7.802914E-04
2.349700E+01 -7.668907E-04
2.359700E+01 -7.756756E-04
2.369700E+01 -7.768484E-04
2.379700E+01 2.173203E-03
2.389700E+01 4.255624E-01
2.399800E+01 -3.627830E-01
2.409700E+01 -1.185443E-03
2.419900E+01 -5.789534E-01
2.429800E+01 -7.667246E-04
2.439700E+01 -5.276482E-04
2.449900E+01 -5.716376E-04
2.459800E+01 -4.942351E-04
2.469700E+01 -7.347659E-04
2.479900E+01 -6.042123E-04
2.489800E+01 -3.102319E-04
2.499700E+01 -4.957576E-04
2.509900E+01 -4.436575E-04
2.519800E+01 9.783823E-04
2.529700E+01 -6.848480E-04
2.539900E+01 -4.774256E-04
2.549800E+01 -4.830925E-04
2.559700E+01 -4.905218E-04
2.569900E+01 -4.972380E-04
2.579800E+01 -5.001869E-04
2.589700E+01 -5.167235E-04
2.599900E+01 -5.126340E-04
2.609800E+01 -4.956912E-04
2.619700E+01 -4.759669E-04
2.629900E+01 -4.542160E-04
2.639800E+01 -4.462789E-04
2.649700E+01 -4.378967E-04
2.659900E+01 -4.263227E-04
2.669800E+01 -4.000196E-04
2.679700E+01 -4.157918E-04
2.689900E+01 -4.036422E-04
2.699800E+01 -4.033672E-04
2.709700E+01 -4.942068E-04
2.719900E+01 1.980392E-04
2.729800E+01 -7.663288E-04
2.739700E+01 -3.857153E-04
2.749900E+01 -1.526534E-03
2.759800E+01 -4.493219E-03
2.769700E+01 -7.631632E-05
2.779900E+01 -2.970704E-04
2.789800E+01 -4.100165E-04
2.799700E+01 -4.510543E-04
2.809900E+01 -4.935815E-04
2.819800E+01 -5.055551E-04
2.829700E+01 -5.353290E-04
2.839900E+01 -5.515407E-04
2.849800E+01 -5.809404E-04
2.859700E+01 -6.155371E-04
2.869900E+01 -8.102916E-04
2.879800E+01 -1.482362E-01
2.889700E+01 -5.954656E-04
2.899900E+01 5.896692E-03
2.909800E+01 3.446971E-02
2.919700E+01 -5.798784E-04
2.929900E+01 -6.163594E-04
2.939800E+01 -6.316877E-04
2.949700E+01 -4.919443E-04
2.959900E+01 -5.867215E-04
2.969800E+01 -5.577085E-04
2.979700E+01 -4.543019E-04
2.989900E+01 1.041575E-03
2.999800E+01 1.012581E-02
3.009700E+01 -6.356838E-04
3.019900E+01 -5.357774E-04
3.029800E+01 -5.194947E-04
3.039700E+01 -5.209373E-04
3.049900E+01 -5.323130E-04
3.059800E+01 -5.299785E-04
3.069700E+01 -5.320912E-04
3.079900E+01 -1.346952E-01
3.089800E+01 -5.792010E-04
3.099700E+01 -5.506183E-04
3.109900E+01 -5.755379E-04
3.119800E+01 -5.904402E-04
3.129700E+01 -5.649425E-04
3.139900E+01 -5.544277E-04
3.149800E+01 -3.640848E-02
3.159700E+01 2.243366E-02
3.169900E+01 -3.211651E-04
3.179800E+01 -5.290754E-04
3.189700E+01 -1.408159E-03
3.199900E+01 -5.828653E-04
3.209800E+01 -5.879487E-04
3.219700E+01 -5.008667E-04
3.229900E+01 -1.897024E-01
3.239800E+01 -9.464834E-04
3.249700E+01 -5.799933E-04
3.259900E+01 -5.343970E-04
3.269800E+01 -5.160998E-04
3.279700E+01 -5.041850E-04
3.289900E+01 -5.534892E-04
3.299800E+01 -6.388303E-04
3.309700E+01 -4.509327E-04
3.319900E+01 -5.459975E-04
3.329800E+01 -5.003071E-04
3.339700E+01 -5.273389E-04
3.349900E+01 -8.305205E-04
3.359800E+01 -3.882892E-04
3.369700E+01 -5.838283E-03
3.379900E+01 -5.344224E-04
3.389800E+01 -4.992106E-04
3.399700E+01 -5.176347E-04
3.409900E+01 -5.122983E-04
3.419800E+01 -5.185604E-04
3.429700E+01 -4.963819E-04
3.439900E+01 -5.234480E-04
3.449800E+01 -5.144604E-04
3.459700E+01 -5.137217E-04
3.469900E+01 -4.947619E-04
3.479800E+01 -5.073882E-04
3.489700E+01 -4.948074E-04
3.499900E+01 -4.512094E-04
3.509800E+01 -4.941435E-04
3.519700E+01 -4.751746E-04
3.529900E+01 -4.778961E-04
3.539800E+01 -4.851633E-04
3.549700E+01 -4.819762E-04
3.559900E+01 -4.651859E-04
3.569800E+01 -7.889779E-04
3.579700E+01 -4.880813E-04
3.589900E+01 -4.339758E-04
3.599800E+01 -5.463731E-04
3.609700E+01 -5.772527E-04
3.619900E+01 -5.581028E-04
3.629800E+01 -5.580978E-04
3.639700E+01 -5.575646E-04
3.649900E+01 -5.546178E-04
3.659800E+01 -5.591116E-04
3.669700E+01 -5.613917E-04
3.679900E+01 -5.575952E-04
3.689800E+01 -5.774887E-04
3.699700E+01 -5.524409E-04
3.709900E+01 -5.676791E-04
3.719800E+01 -5.700226E-04
3.729700E+01 -5.722094E-04
3.739900E+01 -5.760959E-04
3.749800E+01 -5.834003E-04
3.759700E+01 -5.845901E-04
3.769900E+01 -4.457100E-04
3.779800E+01 -2.990845E-04
3.789700E+01 -4.934908E-04
3.799900E+01 -1.868302E-02
3.809800E+01 -6.182477E-04
3.819700E+01 -6.247966E-04
3.829900E+01 -6.059883E-04
3.839800E+01 -5.986637E-04
3.849700E+01 -5.859476E-04
3.859900E+01 -5.820378E-04
3.869800E+01 -5.721465E-04
3.877300E+01 -5.788532E-04
