9.500000E-02 1.013972E+00
1.950000E-01 1.007462E+00
2.950000E-01 1.005921E+00
3.950000E-01 1.004699E+00
4.950000E-01 1.006119E+00
5.950000E-01 1.006193E+00
6.950000E-01 1.003753E+00
7.950000E-01 1.004030E+00
8.950000E-01 1.004350E+00
9.950000E-01 1.005347E+00
1.100000E+00 1.005393E+00
1.200000E+00 1.010162E+00
1.300000E+00 1.002192E+00
1.400000E+00 1.015424E+00
1.500000E+00 1.006717E+00
1.600000E+00 1.006749E+00
1.700000E+00 1.008270E+00
1.800000E+00 1.002631E+00
1.900000E+00 1.000508E+00
2.000000E+00 1.003822E+00
2.100000E+00 1.003685E+00
2.200000E+00 1.001257E+00
2.300000E+00 1.000522E+00
2.400000E+00 9.983485E-01
2.500000E+00 9.989025E-01
2.600000E+00 9.954539E-01
2.700000E+00 1.000419E+00
2.800000E+00 9.867183E-01
2.900000E+00 9.766953E-01
3.000000E+00 9.786947E-01
3.100000E+00 9.638401E-01
3.200000E+00 9.842484E-01
3.300000E+00 9.716454E-01
3.400000E+00 1.044279E+00
3.500000E+00 1.025692E+00
3.600000E+00 9.537419E-01
3.700000E+00 9.568530E-01
3.800000E+00 9.338996E-01
3.900000E+00 9.477768E-01
4.000000E+00 9.343355E-01
4.100000E+00 9.281412E-01
4.200000E+00 9.102342E-01
4.300000E+00 9.203168E-01
4.400000E+00 8.976004E-01
4.500000E+00 9.016200E-01
4.600000E+00 8.893950E-01
4.700000E+00 8.846924E-01
4.800000E+00 8.714076E-01
4.900000E+00 8.688757E-01
5.000000E+00 9.349956E-01
5.100000E+00 8.731063E-01
5.200000E+00 8.774426E-01
5.300000E+00 8.795991E-01
5.400000E+00 8.463343E-01
5.500000E+00 8.375089E-01
5.600000E+00 8.299209E-01
5.700000E+00 1.098198E+00
5.800000E+00 8.757070E-01
5.900000E+00 8.076166E-01
6.000000E+00 7.763080E-01
6.100000E+00 7.698807E-01
6.200000E+00 7.387389E-01
6.300000E+00 7.239061E-01
6.400000E+00 7.220465E-01
6.500000E+00 7.141517E-01
6.600000E+00 7.045734E-01
6.700000E+00 6.979395E-01
6.800000E+00 6.897037E-01
6.900000E+00 6.873386E-01
7.000000E+00 6.920943E-01
7.100000E+00 8.744373E-01
7.200000E+00 7.303130E-01
7.300000E+00 6.546228E-01
7.400000E+00 6.384972E-01
7.500000E+00 6.279464E-01
7.600000E+00 6.275712E-01
7.700000E+00 6.161378E-01
7.800000E+00 6.090087E-01
7.900000E+00 6.107436E-01
8.000000E+00 6.150396E-01
8.100000E+00 6.431382E-01
8.200000E+00 6.163192E-01
8.300000E+00 6.315594E-01
8.400000E+00 7.998738E-01
8.500000E+00 6.540936E-01
8.600000E+00 6.546087E-01
8.700000E+00 6.524682E-01
8.800000E+00 7.666127E-01
8.900000E+00 6.431946E-01
8.995000E+00 6.295375E-01
9.095000E+00 6.254618E-01
9.195000E+00 6.315650E-01
9.295000E+00 6.395235E-01
9.395000E+00 6.441591E-01
9.495000E+00 6.409316E-01
9.595000E+00 6.324885E-01
9.695000E+00 6.241747E-01
9.795000E+00 6.049466E-01
9.895000E+00 5.813742E-01
9.995000E+00 5.633644E-01
1.009500E+01 5.544871E-01
1.019500E+01 6.796073E-01
1.029500E+01 5.435247E-01
1.039500E+01 5.448177E-01
1.049500E+01 5.470364E-01
1.059500E+01 5.570251E-01
1.069500E+01 5.369517E-01
1.079500E+01 5.238009E-01
1.089500E+01 5.309605E-01
1.099500E+01 5.274771E-01
1.109500E+01 5.328399E-01
1.119500E+01 5.376119E-01
1.129500E+01 5.479170E-01
1.139500E+01 5.416039E-01
1.149500E+01 5.591709E-01
1.159500E+01 5.475931E-01
1.169500E+01 5.463645E-01
1.179500E+01 5.845736E-01
1.189500E+01 5.193128E-01
1.199500E+01 5.338464E-01
1.209500E+01 5.309364E-01
1.219500E+01 5.341582E-01
1.229500E+01 5.530734E-01
1.239500E+01 5.446851E-01
1.249500E+01 5.483916E-01
1.259500E+01 5.467894E-01
1.269500E+01 5.463455E-01
1.279500E+01 5.507666E-01
1.289500E+01 5.538461E-01
1.299500E+01 5.556815E-01
1.309500E+01 5.519389E-01
1.319500E+01 5.356660E-01
1.329500E+01 5.172541E-01
1.339500E+01 5.042361E-01
1.349500E+01 5.466063E-01
1.359500E+01 5.238035E-01
1.369500E+01 5.077159E-01
1.379500E+01 5.126023E-01
1.389500E+01 1.119144E+00
1.399500E+01 5.381460E-01
1.409500E+01 5.430147E-01
1.419500E+01 5.563588E-01
1.429500E+01 5.648212E-01
1.439500E+01 5.739821E-01
1.449500E+01 1.581988E+00
1.459500E+01 5.889740E-01
1.469500E+01 6.036077E-01
1.479500E+01 5.852674E-01
1.489500E+01 5.674025E-01
1.499500E+01 5.573501E-01
1.509500E+01 5.439888E-01
1.519500E+01 5.396458E-01
1.529500E+01 5.294645E-01
1.539500E+01 5.243743E-01
1.549500E+01 5.391307E-01
1.559500E+01 5.288724E-01
1.569500E+01 5.170962E-01
1.579500E+01 5.058530E-01
1.589500E+01 4.902853E-01
1.599500E+01 4.824356E-01
1.609500E+01 4.913133E-01
1.619500E+01 4.810025E-01
1.629500E+01 4.620094E-01
1.639500E+01 4.457723E-01
1.649500E+01 4.287181E-01
1.659500E+01 4.211469E-01
1.669500E+01 4.241454E-01
1.679500E+01 4.304300E-01
1.689500E+01 4.292417E-01
1.699500E+01 4.410924E-01
1.709500E+01 4.562899E-01
1.719500E+01 4.669389E-01
1.729500E+01 4.709680E-01
1.739500E+01 4.695005E-01
1.749500E+01 4.698935E-01
1.759500E+01 4.693473E-01
1.769500E+01 4.665701E-01
1.779500E+01 6.133022E-01
1.789500E+01 4.717652E-01
1.799500E+01 4.753489E-01
1.809500E+01 5.172605E-01
1.819500E+01 5.151794E-01
1.829500E+01 5.097118E-01
1.839500E+01 4.973971E-01
1.849500E+01 5.932739E-01
1.859700E+01 -1.036407E+00
1.869700E+01 4.750512E-01
1.879700E+01 4.698458E-01
1.889700E+01 4.557846E-01
1.899700E+01 4.466837E-01
1.909700E+01 4.496795E-01
1.919700E+01 4.611578E-01
1.929700E+01 4.739488E-01
1.939700E+01 4.812223E-01
1.949700E+01 4.889287E-01
1.959700E+01 4.901234E-01
1.969700E+01 4.801760E-01
1.979700E+01 4.707335E-01
1.989700E+01 4.735767E-01
1.999700E+01 4.851280E-01
2.009700E+01 4.924452E-01
2.019700E+01 4.901063E-01
2.029700E+01 4.885159E-01
2.039700E+01 5.114099E-01
2.049700E+01 5.388768E-01
2.059700E+01 5.255836E-01
2.069700E+01 5.654838E-01
2.079700E+01 6.008423E-01
2.089700E+01 5.784732E-01
2.099700E+01 5.575094E-01
2.109700E+01 5.383006E-01
2.119700E+01 5.162273E-01
2.129700E+01 4.959758E-01
2.139700E+01 4.668393E-01
2.149700E+01 4.413628E-01
2.159700E+01 4.229043E-01
2.169700E+01 4.560798E-01
2.179700E+01 4.328838E-01
2.189700E+01 4.778401E-01
2.199700E+01 4.866328E-01
2.209700E+01 4.925728E-01
2.219700E+01 4.895036E-01
2.229700E+01 4.793379E-01
2.239700E+01 4.648234E-01
2.249700E+01 4.479760E-01
2.259700E+01 4.297068E-01
2.269700E+01 4.260810E-01
2.279700E+01 4.265658E-01
2.289700E+01 4.292754E-01
2.299700E+01 4.663943E-01
2.309700E+01 4.483810E-01
2.319700E+01 4.409045E-01
2.329700E+01 4.341474E-01
2.339700E+01 4.295267E-01
2.349700E+01 4.149354E-01
2.359700E+01 3.923490E-01
2.369700E+01 3.703616E-01
2.379700E+01 3.588964E-01
2.389700E+01 7.520764E-01
2.399800E+01 -8.724338E-02
2.409700E+01 3.550368E-01
2.419900E+01 2.363738E+00
2.429800E+01 3.788238E-01
2.439700E+01 3.717635E-01
2.449900E+01 3.736263E-01
2.459800E+01 3.680244E-01
2.469700E+01 3.633024E-01
2.479900E+01 3.746023E-01
2.489800E+01 3.941310E-01
2.499700E+01 3.908667E-01
2.509900E+01 3.850100E-01
2.519800E+01 3.996064E-01
2.529700E+01 3.897745E-01
2.539900E+01 3.510035E-01
2.549800E+01 3.366194E-01
2.559700E+01 3.270810E-01
2.569900E+01 3.111060E-01
2.579800E+01 2.909461E-01
2.589700E+01 2.712787E-01
2.599900E+01 2.707255E-01
2.609800E+01 2.838681E-01
2.619700E+01 3.060112E-01
2.629900E+01 3.257451E-01
2.639800E+01 3.377199E-01
2.649700E+01 3.435168E-01
2.659900E+01 3.511357E-01
2.669800E+01 3.551578E-01
2.679700E+01 3.629089E-01
2.689900E+01 3.708096E-01
2.699800E+01 3.741586E-01
2.709700E+01 3.806924E-01
2.719900E+01 3.885870E-01
2.729800E+01 3.898711E-01
2.739700E+01 4.035222E-01
2.749900E+01 4.121086E-01
2.759800E+01 4.334765E-01
2.769700E+01 4.132516E-01
2.779900E+01 4.008490E-01
2.789800E+01 4.238878E-01
2.799700E+01 4.112037E-01
2.809900E+01 3.975030E-01
2.819800E+01 3.765930E-01
2.829700E+01 3.556880E-01
2.839900E+01 3.322353E-01
2.849800E+01 2.949618E-01
2.859700E+01 2.451019E-01
2.869900E+01 1.848213E-01
2.879800E+01 7.438438E-01
2.889700E+01 1.309968E-01
2.899900E+01 1.768543E-01
2.909800E+01 3.974863E-01
2.919700E+01 1.901698E-01
2.929900E+01 2.164440E-01
2.939800E+01 2.347471E-01
2.949700E+01 2.471246E-01
2.959900E+01 2.434332E-01
2.969800E+01 2.470503E-01
2.979700E+01 2.732066E-01
2.989900E+01 2.852962E-01
2.999800E+01 4.315205E-01
3.009700E+01 3.009474E-01
3.019900E+01 2.885358E-01
3.029800E+01 3.108149E-01
3.039700E+01 3.172678E-01
3.049900E+01 3.064024E-01
3.059800E+01 2.873286E-01
3.069700E+01 2.660282E-01
3.079900E+01 8.606842E-01
3.089800E+01 2.290126E-01
3.099700E+01 2.120800E-01
3.109900E+01 2.051568E-01
3.119800E+01 2.002574E-01
3.129700E+01 1.952094E-01
3.139900E+01 1.918947E-01
3.149800E+01 3.078809E-01
3.159700E+01 2.502731E-01
3.169900E+01 2.469243E-01
3.179800E+01 2.338466E-01
3.189700E+01 2.676135E-01
3.199900E+01 2.586638E-01
3.209800E+01 2.739072E-01
3.219700E+01 2.902898E-01
3.229900E+01 9.288806E-01
3.239800E+01 3.042430E-01
3.249700E+01 3.202567E-01
3.259900E+01 3.358293E-01
3.269800E+01 3.552733E-01
3.279700E+01 3.719254E-01
3.289900E+01 3.877105E-01
3.299800E+01 3.935385E-01
3.309700E+01 3.881362E-01
3.319900E+01 3.755936E-01
3.329800E+01 3.560402E-01
3.339700E+01 3.374022E-01
3.349900E+01 3.301666E-01
3.359800E+01 3.331192E-01
3.369700E+01 4.004131E-01
3.379900E+01 3.422448E-01
3.389800E+01 3.413160E-01
3.399700E+01 3.364444E-01
3.409900E+01 3.420605E-01
3.419800E+01 3.524098E-01
3.429700E+01 3.620895E-01
3.439900E+01 3.704709E-01
3.449800E+01 3.672733E-01
3.459700E+01 3.505366E-01
3.469900E+01 3.312209E-01
3.479800E+01 3.112107E-01
3.489700E+01 2.950560E-01
3.499900E+01 2.968200E-01
3.509800E+01 3.094393E-01
3.519700E+01 3.252701E-01
3.529900E+01 3.410616E-01
3.539800E+01 3.545218E-01
3.549700E+01 3.633053E-01
3.559900E+01 3.629339E-01
3.569800E+01 3.505589E-01
3.579700E+01 3.168768E-01
3.589900E+01 3.024613E-01
3.599800E+01 2.775168E-01
3.609700E+01 2.710456E-01
3.619900E+01 2.609013E-01
3.629800E+01 2.530567E-01
3.639700E+01 2.509841E-01
3.649900E+01 2.525309E-01
3.659800E+01 2.433837E-01
3.669700E+01 2.362206E-01
3.679900E+01 2.345899E-01
3.689800E+01 2.346772E-01
3.699700E+01 2.360522E-01
3.709900E+01 2.321436E-01
3.719800E+01 2.298272E-01
3.729700E+01 2.241470E-01
3.739900E+01 2.123871E-01
3.749800E+01 2.000350E-01
3.759700E+01 1.940663E-01
3.769900E+01 1.927524E-01
3.779800E+01 2.136640E-01
3.789700E+01 2.557731E-01
3.799900E+01 3.468874E-01
3.809800E+01 2.703687E-01
3.819700E+01 2.695626E-01
3.829900E+01 2.711357E-01
3.839800E+01 2.807888E-01
3.849700E+01 2.840274E-01
3.859900E+01 2.794829E-01
3.869800E+01 2.781680E-01
3.877300E+01 2.707783E-01
