9.500000E-02 8.382598E-02 2.719876E-02 7.349724E-01 2.789992E-01 1.060082E-09 3.700925E-10 7.556826E-01 2.583822E-01 1.978003E-01 1.914333E-02
1.950000E-01 1.507906E-01 6.123576E-02 6.139062E-01 3.935557E-01 1.867209E-09 8.643909E-10 6.867667E-01 3.206597E-01 3.796126E-01 3.938105E-02
2.950000E-01 2.043520E-01 1.083703E-01 4.713258E-01 5.345953E-01 2.483129E-09 1.764018E-09 6.104658E-01 3.954497E-01 5.608445E-01 5.954871E-02
3.950000E-01 2.461593E-01 1.670536E-01 3.613297E-01 6.433696E-01 3.229993E-09 3.565219E-09 5.646402E-01 4.400613E-01 7.417301E-01 7.965076E-02
4.950000E-01 2.821708E-01 2.316992E-01 3.273533E-01 6.787656E-01 4.994883E-09 7.189858E-09 5.668082E-01 4.393601E-01 9.229728E-01 9.971205E-02
5.950000E-01 3.177334E-01 2.967647E-01 3.828535E-01 6.233398E-01 9.922915E-09 1.480990E-08 6.441849E-01 3.620020E-01 1.104176E+00 1.197641E-01
6.950000E-01 3.557421E-01 3.592506E-01 3.784825E-01 6.252704E-01 2.279023E-08 3.070188E-08 6.321333E-01 3.714136E-01 1.285124E+00 1.398233E-01
7.950000E-01 3.941909E-01 4.211106E-01 4.280119E-01 5.760185E-01 5.416569E-08 6.191026E-08 6.565374E-01 3.475430E-01 1.465671E+00 1.598837E-01
8.950000E-01 4.390024E-01 4.767708E-01 3.999822E-01 6.043675E-01 1.229973E-07 1.184417E-07 5.948879E-01 4.094046E-01 1.646533E+00 1.799581E-01
9.950000E-01 4.809852E-01 5.353041E-01 4.204709E-01 5.848764E-01 2.574000E-07 2.225714E-07 5.674638E-01 4.379400E-01 1.827494E+00 2.000227E-01
1.100000E+00 5.216442E-01 5.999564E-01 4.149492E-01 5.904438E-01 5.106595E-07 4.335422E-07 5.233688E-01 4.822045E-01 2.017032E+00 2.211047E-01
1.200000E+00 5.658865E-01 6.564992E-01 4.358564E-01 5.743056E-01 9.119664E-07 8.066414E-07 4.982149E-01 5.118569E-01 2.198485E+00 2.411941E-01
1.300000E+00 6.078210E-01 7.152812E-01 3.635727E-01 6.386190E-01 1.583367E-06 1.531162E-06 3.986535E-01 6.035731E-01 2.379817E+00 2.613471E-01
1.400000E+00 6.509644E-01 7.726249E-01 5.083833E-01 5.070411E-01 2.829520E-06 3.088310E-06 5.334661E-01 4.821023E-01 2.560557E+00 2.814893E-01
1.500000E+00 7.024199E-01 8.220148E-01 5.123992E-01 4.943181E-01 5.757411E-06 6.890342E-06 5.565425E-01 4.502531E-01 2.742251E+00 3.015405E-01
1.600000E+00 7.520251E-01 8.729093E-01 5.040523E-01 5.026962E-01 1.310227E-05 1.682663E-05 5.886312E-01 4.181503E-01 2.923204E+00 3.215791E-01
1.700000E+00 8.056628E-01 9.199764E-01 5.620607E-01 4.462097E-01 3.019141E-05 4.064989E-05 6.580745E-01 3.499471E-01 3.104546E+00 3.416409E-01
1.800000E+00 8.557615E-01 9.701791E-01 5.112537E-01 4.913775E-01 6.489382E-05 9.099158E-05 6.190621E-01 3.838666E-01 3.285135E+00 3.616853E-01
1.900000E+00 9.025195E-01 1.023554E+00 4.316703E-01 5.688381E-01 1.247688E-04 1.831927E-04 5.301843E-01 4.706770E-01 3.465407E+00 3.816876E-01
2.000000E+00 9.479824E-01 1.078248E+00 4.815978E-01 5.222240E-01 2.154326E-04 3.294532E-04 5.474042E-01 4.569958E-01 3.645734E+00 4.016527E-01
2.100000E+00 9.965247E-01 1.130258E+00 4.688738E-01 5.348112E-01 3.532048E-04 5.596276E-04 4.832769E-01 5.215950E-01 3.826927E+00 4.215623E-01
2.200000E+00 1.051078E+00 1.175970E+00 6.301355E-01 3.711213E-01 5.809001E-04 9.550072E-04 5.597675E-01 4.429286E-01 4.007658E+00 4.413791E-01
2.300000E+00 1.120534E+00 1.206506E+00 6.983191E-01 3.022034E-01 9.699558E-04 1.630211E-03 5.510377E-01 4.521110E-01 4.187982E+00 4.610343E-01
2.400000E+00 1.189204E+00 1.238290E+00 6.852536E-01 3.130949E-01 1.623765E-03 2.663462E-03 5.109171E-01 4.920229E-01 4.369473E+00 4.804591E-01
2.500000E+00 1.254175E+00 1.273036E+00 6.240176E-01 3.748849E-01 2.577474E-03 3.965346E-03 4.602666E-01 5.451051E-01 4.549759E+00 4.995886E-01
2.600000E+00 1.312489E+00 1.315712E+00 6.360935E-01 3.593604E-01 3.891623E-03 5.862382E-03 5.003784E-01 5.045958E-01 4.733078E+00 5.182583E-01
2.700000E+00 1.368592E+00 1.359057E+00 4.985716E-01 5.018473E-01 5.767822E-03 8.732374E-03 3.919419E-01 6.236523E-01 4.913886E+00 5.362995E-01
2.800000E+00 1.420592E+00 1.407487E+00 5.706362E-01 4.160822E-01 7.742628E-03 1.224262E-02 5.214923E-01 4.856537E-01 5.097558E+00 5.535660E-01
2.900000E+00 1.469721E+00 1.456835E+00 4.523803E-01 5.243150E-01 1.022562E-02 1.607904E-02 4.299060E-01 5.737610E-01 5.278032E+00 5.700799E-01
3.000000E+00 1.521216E+00 1.502882E+00 5.792603E-01 3.994344E-01 1.354254E-02 2.021144E-02 5.364677E-01 4.765112E-01 5.457447E+00 5.857018E-01
3.100000E+00 1.574153E+00 1.547333E+00 4.165329E-01 5.473072E-01 1.612879E-02 2.355317E-02 4.471804E-01 5.564436E-01 5.637451E+00 6.005361E-01
3.200000E+00 1.617370E+00 1.600901E+00 5.205452E-01 4.637031E-01 1.754620E-02 2.614947E-02 6.824305E-01 3.494320E-01 5.816699E+00 6.146805E-01
3.300000E+00 1.656750E+00 1.658598E+00 4.046847E-01 5.669607E-01 1.896598E-02 2.681950E-02 6.423539E-01 3.755602E-01 5.997226E+00 6.283446E-01
3.400000E+00 1.705222E+00 1.711506E+00 4.784710E-01 5.658079E-01 1.976594E-02 2.561994E-02 7.310091E-01 3.619018E-01 6.185866E+00 6.419050E-01
3.500000E+00 1.743786E+00 1.772204E+00 4.623314E-01 5.633609E-01 1.974779E-02 2.637207E-02 6.499494E-01 4.119349E-01 6.370802E+00 6.555951E-01
3.600000E+00 1.779994E+00 1.834850E+00 2.533907E-01 7.003513E-01 2.199050E-02 2.931580E-02 5.352692E-01 4.704392E-01 6.555511E+00 6.690714E-01
3.700000E+00 1.798909E+00 1.911430E+00 1.863077E-01 7.705453E-01 2.548173E-02 3.396718E-02 4.630689E-01 5.540138E-01 6.733745E+00 6.817855E-01
3.800000E+00 1.817000E+00 1.987352E+00 2.118702E-01 7.220294E-01 2.904669E-02 3.905439E-02 4.432209E-01 5.588227E-01 6.910309E+00 6.933929E-01
3.900000E+00 1.842540E+00 2.055311E+00 2.851433E-01 6.626335E-01 3.130897E-02 4.202807E-02 4.293029E-01 5.936963E-01 7.086690E+00 7.039060E-01
4.000000E+00 1.876204E+00 2.116035E+00 4.273476E-01 5.069879E-01 3.226938E-02 4.248274E-02 4.690075E-01 5.405626E-01 7.265498E+00 7.139510E-01
4.100000E+00 1.911814E+00 2.173197E+00 3.813170E-01 5.468242E-01 3.269523E-02 4.372982E-02 3.748022E-01 6.309300E-01 7.441030E+00 7.240181E-01
4.200000E+00 1.947199E+00 2.229558E+00 3.734302E-01 5.368041E-01 3.648246E-02 5.058988E-02 2.516046E-01 7.460514E-01 7.615131E+00 7.334878E-01
4.300000E+00 1.984064E+00 2.284789E+00 3.365342E-01 5.837826E-01 4.083469E-02 5.288354E-02 1.551177E-01 8.600641E-01 7.790969E+00 7.417543E-01
4.400000E+00 2.025706E+00 2.333983E+00 3.905098E-01 5.070906E-01 4.437971E-02 5.794717E-02 2.966582E-01 7.034051E-01 7.965491E+00 7.490194E-01
4.500000E+00 2.058749E+00 2.390662E+00 2.533376E-01 6.482824E-01 4.648141E-02 6.118655E-02 2.577120E-01 7.520135E-01 8.138324E+00 7.555731E-01
4.600000E+00 2.082456E+00 2.456212E+00 2.494618E-01 6.399332E-01 4.811538E-02 6.440042E-02 3.071683E-01 6.949356E-01 8.310083E+00 7.624020E-01
4.700000E+00 2.108945E+00 2.518494E+00 2.726301E-01 6.120623E-01 4.932095E-02 6.862022E-02 3.216770E-01 6.810719E-01 8.480879E+00 7.691526E-01
4.800000E+00 2.143812E+00 2.571311E+00 3.726277E-01 4.987799E-01 5.216931E-02 7.433129E-02 3.092894E-01 6.888311E-01 8.650249E+00 7.752140E-01
4.900000E+00 2.181284E+00 2.620740E+00 4.052836E-01 4.635921E-01 5.578808E-02 7.722065E-02 2.004683E-01 8.016697E-01 8.818734E+00 7.805152E-01
5.000000E+00 2.219568E+00 2.670158E+00 3.028671E-01 6.321285E-01 5.741736E-02 7.923940E-02 -1.901726E-01 1.276305E+00 8.988744E+00 7.854199E-01
5.100000E+00 2.288618E+00 2.701547E+00 8.900766E-01 -1.697028E-02 5.981386E-02 7.637598E-02 2.033111E-01 8.052750E-01 9.185076E+00 7.903231E-01
5.200000E+00 2.379734E+00 2.701036E+00 8.936034E-01 -1.616083E-02 6.059723E-02 7.722868E-02 1.035285E-01 9.126456E-01 9.361119E+00 7.953993E-01
5.300000E+00 2.468030E+00 2.701103E+00 9.247961E-01 -4.519704E-02 6.361813E-02 8.458023E-02 1.375528E-01 8.915800E-01 9.533591E+00 7.995795E-01
5.400000E+00 2.556790E+00 2.702191E+00 8.247485E-01 2.158575E-02 6.907692E-02 8.994127E-02 2.507721E-01 7.552046E-01 9.711088E+00 8.019291E-01
5.500000E+00 2.623392E+00 2.719888E+00 5.702959E-01 2.672130E-01 7.015674E-02 9.397810E-02 2.408833E-01 7.614954E-01 9.878178E+00 8.034711E-01
5.600000E+00 2.668502E+00 2.758097E+00 3.714475E-01 4.584734E-01 7.210622E-02 9.900012E-02 3.221498E-01 6.797319E-01 1.004373E+01 8.045958E-01
5.700000E+00 2.690938E+00 2.820299E+00 1.586128E-02 1.082337E+00 7.571007E-02 1.044590E-01 1.212727E-01 1.207186E+00 1.021048E+01 8.051693E-01
5.800000E+00 2.707138E+00 2.892734E+00 2.629076E-01 6.127995E-01 8.078145E-02 1.090761E-01 4.383223E-01 6.381369E-01 1.038952E+01 8.049538E-01
5.900000E+00 2.735656E+00 2.952337E+00 3.706301E-01 4.369865E-01 8.541400E-02 1.164494E-01 5.423120E-01 4.675287E-01 1.056749E+01 8.036296E-01
6.000000E+00 2.780759E+00 2.986476E+00 4.988795E-01 2.774285E-01 9.386825E-02 1.316537E-01 6.724332E-01 3.302751E-01 1.072925E+01 8.005135E-01
6.100000E+00 2.841740E+00 3.002435E+00 6.373176E-01 1.325632E-01 1.019988E-01 1.434458E-01 7.589313E-01 2.579197E-01 1.088837E+01 7.952599E-01
6.200000E+00 2.900112E+00 3.018944E+00 4.939777E-01 2.447611E-01 1.101504E-01 1.550999E-01 7.414619E-01 2.632911E-01 1.104480E+01 7.887628E-01
6.300000E+00 2.939917E+00 3.052045E+00 3.114516E-01 4.124546E-01 1.162780E-01 1.612783E-01 5.929039E-01 4.093360E-01 1.119823E+01 7.812149E-01
6.400000E+00 2.972547E+00 3.091725E+00 2.712713E-01 4.507752E-01 1.166852E-01 1.614724E-01 5.572166E-01 4.437195E-01 1.135020E+01 7.738507E-01
6.500000E+00 2.991972E+00 3.144136E+00 1.101758E-01 6.039759E-01 1.173670E-01 1.686084E-01 4.583876E-01 5.425436E-01 1.150081E+01 7.669279E-01
6.600000E+00 2.982465E+00 3.224505E+00 -3.424776E-01 1.047051E+00 1.219651E-01 1.731524E-01 3.406221E-02 9.664299E-01 1.164958E+01 7.599015E-01
6.700000E+00 2.960165E+00 3.316878E+00 -2.426726E-01 9.406121E-01 1.234180E-01 1.769624E-01 9.725066E-02 9.016967E-01 1.179674E+01 7.529334E-01
6.800000E+00 2.938558E+00 3.407857E+00 -3.424634E-02 7.239501E-01 1.272423E-01 1.833151E-01 4.842475E-02 9.522866E-01 1.194201E+01 7.464331E-01
6.900000E+00 2.973037E+00 3.451143E+00 4.918591E-01 1.954795E-01 1.333788E-01 1.826750E-01 1.535794E-01 8.509674E-01 1.210455E+01 7.393855E-01
7.000000E+00 3.042537E+00 3.450603E+00 8.896011E-01 -1.975068E-01 1.357928E-01 1.786852E-01 4.207741E-01 5.871731E-01 1.224971E+01 7.320603E-01
7.100000E+00 3.146002E+00 3.419276E+00 1.487834E+00 -6.133971E-01 1.366092E-01 1.815645E-01 1.121984E+00 1.124266E-01 1.240032E+01 7.243438E-01
7.200000E+00 3.277495E+00 3.372339E+00 9.592209E-01 -2.289078E-01 1.386523E-01 1.884970E-01 8.793511E-01 1.837314E-01 1.257892E+01 7.157946E-01
7.300000E+00 3.335729E+00 3.380988E+00 4.266749E-01 2.279479E-01 1.438991E-01 2.020533E-01 7.380076E-01 2.637258E-01 1.272338E+01 7.055741E-01
7.400000E+00 3.361189E+00 3.420176E+00 1.031281E-01 5.353691E-01 1.527373E-01 2.109704E-01 6.883441E-01 3.150631E-01 1.286443E+01 6.939108E-01
7.500000E+00 3.367270E+00 3.477564E+00 5.916213E-02 5.687842E-01 1.602150E-01 2.186281E-01 8.415133E-01 1.666330E-01 1.300351E+01 6.818208E-01
7.600000E+00 3.377656E+00 3.531956E+00 2.846313E-02 5.991081E-01 1.629453E-01 2.153072E-01 9.033501E-01 1.035257E-01 1.314402E+01 6.708536E-01
7.700000E+00 3.376259E+00 3.595721E+00 2.391331E-02 5.922245E-01 1.643975E-01 2.221553E-01 8.206044E-01 1.829944E-01 1.327899E+01 6.606762E-01
7.800000E+00 3.364822E+00 3.668356E+00 -2.653892E-01 8.743979E-01 1.680196E-01 2.215612E-01 5.711523E-01 4.284731E-01 1.341234E+01 6.497957E-01
7.900000E+00 3.329665E+00 3.764510E+00 -3.440889E-01 9.548325E-01 1.648805E-01 2.243724E-01 4.596104E-01 5.414894E-01 1.354496E+01 6.391969E-01
8.000000E+00 3.300709E+00 3.854854E+00 -1.848277E-01 7.998673E-01 1.632270E-01 2.188143E-01 4.125285E-01 5.854944E-01 1.367692E+01 6.300190E-01
8.100000E+00 3.297781E+00 3.920764E+00 1.790240E-01 4.641142E-01 1.626503E-01 2.190124E-01 5.124761E-01 5.145076E-01 1.381085E+01 6.218700E-01
8.200000E+00 3.776520E+00 4.326760E+00 1.586892E-01 4.576300E-01 1.679241E-01 2.106614E-01 4.310270E-01 5.659705E-01 1.558830E+01 6.136481E-01
8.300000E+00 3.815194E+00 4.351729E+00 4.834050E-01 1.481544E-01 1.668801E-01 2.054449E-01 5.180984E-01 4.874032E-01 1.572451E+01 6.047140E-01
8.400000E+00 3.889478E+00 4.350453E+00 8.064508E-01 -6.577023E-03 1.639467E-01 2.055854E-01 8.765075E-01 2.992439E-01 1.587865E+01 5.954149E-01
8.500000E+00 3.945373E+00 4.380335E+00 6.529459E-01 1.147698E-03 1.632069E-01 1.997828E-01 5.265554E-01 4.924402E-01 1.606031E+01 5.863508E-01
8.600000E+00 4.027015E+00 4.363931E+00 9.699013E-01 -3.152926E-01 1.550299E-01 1.988409E-01 5.718816E-01 4.380261E-01 1.619815E+01 5.790312E-01
8.700000E+00 4.125477E+00 4.330939E+00 9.495715E-01 -2.971033E-01 1.532503E-01 1.981511E-01 5.090169E-01 4.960716E-01 1.633464E+01 5.734991E-01
8.800000E+00 4.210577E+00 4.314989E+00 7.222365E-01 4.437626E-02 1.544670E-01 2.027790E-01 4.433916E-01 6.910685E-01 1.647668E+01 5.688360E-01
8.900000E+00 4.281322E+00 4.309664E+00 5.714424E-01 7.175216E-02 1.561562E-01 2.084388E-01 4.270982E-01 5.819448E-01 1.661331E+01 5.639577E-01
8.995000E+00 4.322650E+00 4.328690E+00 2.788251E-01 3.507124E-01 1.592212E-01 2.140017E-01 3.430980E-01 6.608389E-01 1.673922E+01 5.588568E-01
9.095000E+00 4.322622E+00 4.391340E+00 -2.554253E-01 8.808871E-01 1.619792E-01 2.132823E-01 6.375569E-02 9.380496E-01 1.686992E+01 5.534518E-01
9.195000E+00 4.283172E+00 4.493542E+00 -5.019013E-01 1.133466E+00 1.608821E-01 2.093641E-01 -1.123225E-01 1.115036E+00 1.699962E+01 5.492720E-01
9.295000E+00 4.235136E+00 4.605188E+00 -2.886641E-01 9.281875E-01 1.583593E-01 2.040599E-01 -6.221832E-03 1.009047E+00 1.712962E+01 5.464840E-01
9.395000E+00 4.231955E+00 4.672615E+00 3.094984E-01 3.346607E-01 1.559799E-01 2.014881E-01 3.838334E-01 6.186220E-01 1.725984E+01 5.447440E-01
9.495000E+00 4.282969E+00 4.685868E+00 7.020024E-01 -6.107075E-02 1.551666E-01 2.038256E-01 5.718638E-01 4.289086E-01 1.739037E+01 5.427527E-01
9.595000E+00 4.375670E+00 4.656780E+00 1.091155E+00 -4.586665E-01 1.572878E-01 2.097908E-01 9.886432E-01 1.179376E-02 1.752012E+01 5.402253E-01
9.695000E+00 4.485320E+00 4.609999E+00 9.695488E-01 -3.453741E-01 1.595015E-01 2.145043E-01 9.320362E-01 6.697794E-02 1.764861E+01 5.374736E-01
9.795000E+00 4.582059E+00 4.574760E+00 7.830638E-01 -1.781171E-01 1.653663E-01 2.279191E-01 1.046439E+00 -4.730930E-02 1.777462E+01 5.345037E-01
9.895000E+00 4.640728E+00 4.575340E+00 4.666652E-01 1.147090E-01 1.748332E-01 2.410832E-01 9.880662E-01 1.017476E-02 1.789688E+01 5.308122E-01
9.995000E+00 4.682424E+00 4.590806E+00 2.895595E-01 2.738049E-01 1.833332E-01 2.475590E-01 9.715320E-01 2.369149E-02 1.801516E+01 5.269377E-01
1.009500E+01 4.694745E+00 4.634192E+00 -4.214036E-02 5.966274E-01 1.926092E-01 2.547699E-01 6.415948E-01 3.609925E-01 1.812990E+01 5.236469E-01
1.019500E+01 4.654696E+00 4.737694E+00 -6.133959E-01 1.293003E+00 2.029412E-01 2.608805E-01 -1.865152E-01 1.354771E+00 1.825954E+01 5.199794E-01
1.029500E+01 4.634383E+00 4.815425E+00 1.233487E-02 5.311898E-01 2.069921E-01 2.570592E-01 2.172358E-01 7.911255E-01 1.837904E+01 5.162192E-01
1.039500E+01 4.651225E+00 4.852690E+00 2.324896E-01 3.123281E-01 2.063934E-01 2.505352E-01 2.309228E-01 7.719980E-01 1.849108E+01 5.123610E-01
1.049500E+01 4.669890E+00 4.889079E+00 1.437108E-01 4.033256E-01 2.018920E-01 2.568618E-01 1.358101E-01 8.707989E-01 1.860576E+01 5.077485E-01
1.059500E+01 4.686177E+00 4.927183E+00 1.109372E-01 4.460880E-01 2.021024E-01 2.653094E-01 -3.178921E-02 1.059314E+00 1.872019E+01 5.020156E-01
1.069500E+01 4.699599E+00 4.971214E+00 3.360985E-01 2.008532E-01 2.037248E-01 2.707193E-01 1.126326E-01 8.985888E-01 1.884183E+01 4.954184E-01
1.079500E+01 4.796923E+00 5.114436E+00 5.952152E-01 -7.141422E-02 2.107265E-01 2.653475E-01 3.374515E-01 6.641115E-01 1.932932E+01 4.890046E-01
1.089500E+01 4.842457E+00 5.121583E+00 3.765637E-01 1.543968E-01 2.051417E-01 2.629023E-01 3.976587E-01 6.028119E-01 1.944086E+01 4.828429E-01
1.099500E+01 4.874383E+00 5.142748E+00 2.670753E-01 2.604019E-01 2.070105E-01 2.638784E-01 4.087595E-01 5.909639E-01 1.955316E+01 4.767727E-01
1.109500E+01 4.904017E+00 5.166023E+00 2.832606E-01 2.495792E-01 2.086355E-01 2.599212E-01 4.941576E-01 5.087967E-01 1.966440E+01 4.713616E-01
1.119500E+01 4.944626E+00 5.179601E+00 4.850270E-01 5.258483E-02 2.067125E-01 2.572477E-01 7.414180E-01 2.613797E-01 1.977717E+01 4.669676E-01
1.129500E+01 5.003812E+00 5.174970E+00 6.488914E-01 -1.009744E-01 2.033101E-01 2.531631E-01 8.466357E-01 1.594143E-01 1.988995E+01 4.632464E-01
1.139500E+01 5.084129E+00 5.149531E+00 8.389288E-01 -2.973249E-01 2.027520E-01 2.573063E-01 9.357932E-01 6.716066E-02 2.000282E+01 4.601476E-01
1.149500E+01 5.164546E+00 5.124249E+00 7.715616E-01 -2.123907E-01 2.069342E-01 2.669933E-01 8.675084E-01 1.678269E-01 2.011654E+01 4.565128E-01
1.159500E+01 5.244455E+00 5.103337E+00 7.143535E-01 -1.667604E-01 2.101716E-01 2.697569E-01 7.297656E-01 2.939192E-01 2.023850E+01 4.526135E-01
1.169500E+01 5.302908E+00 5.099952E+00 5.131765E-01 3.318804E-02 2.140284E-01 2.699192E-01 5.974115E-01 4.321109E-01 2.035224E+01 4.489790E-01
1.179500E+01 5.346711E+00 5.113579E+00 4.194689E-01 1.651047E-01 2.160355E-01 2.695750E-01 4.537615E-01 6.198124E-01 2.047022E+01 4.455697E-01
1.189500E+01 5.398395E+00 5.113724E+00 5.309216E-01 -1.160876E-02 2.179578E-01 2.677041E-01 5.394039E-01 4.674474E-01 2.057795E+01 4.419334E-01
1.199500E+01 5.453248E+00 5.121548E+00 3.377473E-01 1.960990E-01 2.148356E-01 2.613365E-01 5.790503E-01 4.321734E-01 2.070603E+01 4.390784E-01
1.209500E+01 5.478498E+00 5.149504E+00 1.899930E-01 3.409434E-01 2.101677E-01 2.626241E-01 5.575447E-01 4.473330E-01 2.081402E+01 4.375676E-01
1.219500E+01 5.491420E+00 5.189959E+00 6.021210E-02 4.739461E-01 2.069095E-01 2.620080E-01 6.471613E-01 3.572067E-01 2.092177E+01 4.365877E-01
1.229500E+01 5.480113E+00 5.255679E+00 -2.516126E-01 8.046860E-01 2.020925E-01 2.594538E-01 5.967249E-01 4.192501E-01 2.103099E+01 4.360754E-01
1.239500E+01 5.448147E+00 5.342089E+00 -3.506931E-01 8.953781E-01 2.022437E-01 2.555758E-01 6.460454E-01 3.574459E-01 2.114008E+01 4.359650E-01
1.249500E+01 5.406471E+00 5.438333E+00 -4.724824E-01 1.020874E+00 2.024857E-01 2.526273E-01 5.632225E-01 4.411988E-01 2.124910E+01 4.360904E-01
1.259500E+01 5.361319E+00 5.538641E+00 -4.135402E-01 9.603296E-01 2.022134E-01 2.535651E-01 5.428580E-01 4.606156E-01 2.135952E+01 4.359955E-01
1.269500E+01 5.329529E+00 5.624992E+00 -2.501341E-01 7.964796E-01 2.014476E-01 2.530988E-01 5.477457E-01 4.541196E-01 2.146919E+01 4.354491E-01
1.279500E+01 5.300952E+00 5.708590E+00 -3.500071E-01 9.007736E-01 2.005728E-01 2.501323E-01 3.320945E-01 6.703121E-01 2.157955E+01 4.350962E-01
1.289500E+01 5.277166E+00 5.787690E+00 -8.945388E-02 6.433000E-01 1.978629E-01 2.508399E-01 3.114276E-01 6.920409E-01 2.169027E+01 4.349759E-01
1.299500E+01 5.285451E+00 5.834993E+00 2.688006E-01 2.868809E-01 1.969522E-01 2.513180E-01 3.605253E-01 6.443745E-01 2.180108E+01 4.352926E-01
1.309500E+01 5.324694E+00 5.851157E+00 4.552535E-01 9.668538E-02 1.969217E-01 2.519978E-01 3.151312E-01 6.866735E-01 2.191113E+01 4.360488E-01
1.319500E+01 5.370676E+00 5.859616E+00 4.897597E-01 4.590628E-02 2.017151E-01 2.616894E-01 3.956959E-01 6.043803E-01 2.201922E+01 4.368721E-01
1.329500E+01 5.413618E+00 5.869263E+00 3.700600E-01 1.471941E-01 2.090395E-01 2.713596E-01 3.888373E-01 6.098961E-01 2.212454E+01 4.367892E-01
1.339500E+01 5.451908E+00 5.881984E+00 3.851905E-01 1.190455E-01 2.144630E-01 2.774156E-01 5.269387E-01 4.702794E-01 2.222749E+01 4.359102E-01
1.349500E+01 5.474799E+00 5.909646E+00 -1.544365E-01 7.010428E-01 2.173676E-01 2.768052E-01 1.651284E-01 8.782692E-01 2.232894E+01 4.352982E-01
1.359500E+01 5.471383E+00 5.976391E+00 4.102551E-04 5.233932E-01 2.188329E-01 2.772175E-01 3.920502E-01 6.318280E-01 2.245585E+01 4.351749E-01
1.369500E+01 5.472052E+00 6.030169E+00 1.150667E-01 3.926492E-01 2.196808E-01 2.727552E-01 5.087520E-01 4.925795E-01 2.256494E+01 4.350856E-01
1.379500E+01 5.490168E+00 6.062962E+00 2.850823E-01 2.275200E-01 2.177343E-01 2.700375E-01 5.927695E-01 4.088105E-01 2.266661E+01 4.352293E-01
1.389500E+01 5.524680E+00 6.084524E+00 3.153800E-01 8.037640E-01 2.148713E-01 2.666855E-01 4.553172E-01 1.550364E+00 2.277393E+01 4.355059E-01
1.399500E+01 5.551171E+00 6.117909E+00 2.151359E-01 3.230100E-01 2.075640E-01 2.631902E-01 3.828256E-01 6.273229E-01 2.289790E+01 4.357196E-01
1.409500E+01 5.571146E+00 6.151706E+00 2.306979E-01 3.123168E-01 2.026398E-01 2.555373E-01 3.626155E-01 6.394957E-01 2.300511E+01 4.360870E-01
1.419500E+01 5.599720E+00 6.178041E+00 3.316080E-01 2.247507E-01 1.972032E-01 2.451859E-01 3.352360E-01 6.644335E-01 2.311380E+01 4.371864E-01
1.429500E+01 5.642498E+00 6.191427E+00 5.339369E-01 3.088432E-02 1.913835E-01 2.375686E-01 4.268199E-01 5.679138E-01 2.322445E+01 4.388583E-01
1.439500E+01 5.692394E+00 6.198494E+00 4.307886E-01 1.431935E-01 1.890046E-01 2.329268E-01 3.143064E-01 6.824347E-01 2.333639E+01 4.408007E-01
1.449500E+01 5.747056E+00 6.235355E+00 1.526446E+00 5.554208E-02 1.876538E-01 2.327751E-01 1.224147E+00 5.870265E-01 2.351026E+01 4.426886E-01
1.459500E+01 5.820200E+00 6.270068E+00 2.830314E-01 3.059426E-01 1.856509E-01 2.322621E-01 1.880679E-01 8.198935E-01 2.373123E+01 4.445739E-01
1.469500E+01 5.852346E+00 6.297495E+00 3.986272E-01 2.049804E-01 1.845102E-01 2.366801E-01 2.509574E-01 7.779057E-01 2.384847E+01 4.463681E-01
1.479500E+01 5.922490E+00 6.337233E+00 5.024118E-01 8.285561E-02 1.911507E-01 2.404004E-01 3.908798E-01 6.272326E-01 2.406710E+01 4.475822E-01
1.489500E+01 5.962594E+00 6.355734E+00 2.784243E-01 2.889782E-01 1.955961E-01 2.435198E-01 2.997380E-01 7.081653E-01 2.418327E+01 4.487219E-01
1.499500E+01 5.981524E+00 6.392852E+00 7.269394E-02 4.846561E-01 1.996628E-01 2.485532E-01 2.434961E-01 7.630826E-01 2.429464E+01 4.494901E-01
1.509500E+01 5.991335E+00 6.438521E+00 1.026543E-01 4.413345E-01 2.016143E-01 2.544000E-01 2.989216E-01 7.020496E-01 2.440518E+01 4.499780E-01
1.519500E+01 6.015132E+00 6.469001E+00 3.002030E-01 2.394428E-01 2.031180E-01 2.619738E-01 4.421982E-01 5.634136E-01 2.451359E+01 4.501238E-01
1.529500E+01 6.048085E+00 6.490310E+00 3.158873E-01 2.135772E-01 2.069948E-01 2.642773E-01 4.229147E-01 5.789808E-01 2.462182E+01 4.504754E-01
1.539500E+01 6.088127E+00 6.503958E+00 4.391616E-01 8.521274E-02 2.091105E-01 2.651894E-01 5.251235E-01 4.745046E-01 2.472888E+01 4.508516E-01
1.549500E+01 6.130681E+00 6.514778E+00 3.912442E-01 1.478865E-01 2.101505E-01 2.623302E-01 4.976597E-01 5.145832E-01 2.483514E+01 4.512465E-01
1.559500E+01 6.176472E+00 6.524548E+00 4.818421E-01 4.703031E-02 2.114077E-01 2.616275E-01 5.795442E-01 4.242424E-01 2.494627E+01 4.513091E-01
1.569500E+01 6.225486E+00 6.528014E+00 4.582414E-01 5.885481E-02 2.110132E-01 2.675880E-01 6.354498E-01 3.620350E-01 2.505146E+01 4.511412E-01
1.579500E+01 6.475554E+00 6.721077E+00 4.488887E-01 5.696431E-02 2.211762E-01 2.679644E-01 5.565243E-01 4.398803E-01 2.593828E+01 4.505063E-01
1.589500E+01 6.516057E+00 6.730344E+00 4.074553E-01 8.283004E-02 2.253908E-01 2.777486E-01 6.285921E-01 3.662310E-01 2.603888E+01 4.495222E-01
1.599500E+01 6.558536E+00 6.736475E+00 4.954814E-01 -1.304580E-02 2.286139E-01 2.833847E-01 7.655439E-01 2.300990E-01 2.613780E+01 4.478221E-01
1.609500E+01 6.638771E+00 6.709204E+00 9.082195E-01 -4.169062E-01 2.299482E-01 2.865996E-01 1.183461E+00 -1.725416E-01 2.624539E+01 4.460366E-01
1.619500E+01 6.709219E+00 6.721742E+00 5.380489E-01 -5.704644E-02 2.304475E-01 2.953279E-01 1.049287E+00 -4.124298E-02 2.641285E+01 4.444989E-01
1.629500E+01 6.759109E+00 6.719081E+00 3.912452E-01 7.076423E-02 2.385024E-01 3.032086E-01 1.165712E+00 -1.606747E-01 2.650915E+01 4.427360E-01
1.639500E+01 6.779819E+00 6.743636E+00 2.414240E-02 4.216299E-01 2.467034E-01 3.077955E-01 9.911486E-01 1.041026E-02 2.660135E+01 4.411584E-01
1.649500E+01 6.766404E+00 6.800764E+00 -1.996341E-01 6.283522E-01 2.551570E-01 3.155666E-01 9.338422E-01 6.688305E-02 2.668980E+01 4.402358E-01
1.659500E+01 6.737685E+00 6.871795E+00 -4.058818E-01 8.270287E-01 2.594810E-01 3.221118E-01 7.821061E-01 2.220396E-01 2.677541E+01 4.392911E-01
1.669500E+01 6.700350E+00 6.950971E+00 -3.368419E-01 7.609873E-01 2.577696E-01 3.240710E-01 7.342813E-01 2.739906E-01 2.686015E+01 4.382356E-01
1.679500E+01 6.675680E+00 7.018397E+00 -2.329474E-01 6.633774E-01 2.584754E-01 3.174591E-01 6.939252E-01 3.139007E-01 2.694635E+01 4.375280E-01
1.689500E+01 6.641496E+00 7.095581E+00 -3.514975E-01 7.807391E-01 2.559213E-01 3.125915E-01 2.582860E-01 7.407060E-01 2.703322E+01 4.367074E-01
1.699500E+01 6.624682E+00 7.155967E+00 1.821309E-02 4.228793E-01 2.503221E-01 3.058519E-01 2.061807E-01 7.922449E-01 2.712152E+01 4.354936E-01
1.709500E+01 6.641581E+00 7.183948E+00 3.589174E-01 9.737248E-02 2.437406E-01 2.964722E-01 2.598439E-01 7.378253E-01 2.721180E+01 4.349147E-01
1.719500E+01 6.687558E+00 7.184320E+00 3.993048E-01 6.763411E-02 2.381926E-01 2.938293E-01 2.560323E-01 7.439273E-01 2.730469E+01 4.346471E-01
1.729500E+01 6.726899E+00 7.191955E+00 3.798932E-01 9.107477E-02 2.333009E-01 2.948682E-01 2.862135E-01 7.139251E-01 2.739927E+01 4.339733E-01
1.739500E+01 6.761302E+00 7.204525E+00 4.369313E-01 3.256923E-02 2.309428E-01 2.979226E-01 3.860284E-01 6.134828E-01 2.749412E+01 4.330754E-01
1.749500E+01 6.788274E+00 7.224518E+00 1.340282E-01 3.358653E-01 2.305402E-01 2.988371E-01 2.013971E-01 7.990029E-01 2.758872E+01 4.323945E-01
1.759500E+01 6.792833E+00 7.267032E+00 2.043171E-02 4.489156E-01 2.328611E-01 2.994614E-01 1.913519E-01 8.108050E-01 2.768315E+01 4.321191E-01
1.769500E+01 6.797014E+00 7.309424E+00 5.995355E-02 4.066165E-01 2.375857E-01 2.983926E-01 2.564282E-01 7.473906E-01 2.777641E+01 4.320031E-01
1.779500E+01 6.807040E+00 7.348769E+00 2.271215E-01 3.861807E-01 2.398343E-01 3.002899E-01 3.771718E-01 7.860806E-01 2.787479E+01 4.312313E-01
1.789500E+01 6.838191E+00 7.371437E+00 4.044626E-01 6.730257E-02 2.398027E-01 3.005987E-01 3.087665E-01 7.043452E-01 2.798514E+01 4.295193E-01
1.799500E+01 6.888608E+00 7.368049E+00 5.984277E-01 -1.230788E-01 2.361086E-01 2.905738E-01 2.782020E-01 7.251176E-01 2.808071E+01 4.280174E-01
1.809500E+01 6.958632E+00 7.347085E+00 7.701542E-01 -2.528937E-01 2.309620E-01 2.864220E-01 3.887417E-01 6.477094E-01 2.817905E+01 4.275099E-01
1.819500E+01 7.050882E+00 7.309211E+00 9.281986E-01 -4.130192E-01 2.304517E-01 2.831110E-01 6.667058E-01 3.620966E-01 2.828824E+01 4.270619E-01
1.829500E+01 7.136497E+00 7.274988E+00 8.477706E-01 -3.380588E-01 2.278562E-01 2.799639E-01 7.204674E-01 2.975930E-01 2.839125E+01 4.268765E-01
1.839500E+01 7.209387E+00 7.252214E+00 5.406864E-01 -4.328932E-02 2.264110E-01 2.775653E-01 7.122363E-01 2.899164E-01 2.849186E+01 4.265733E-01
1.849500E+01 7.250157E+00 7.263426E+00 2.475591E-01 3.457148E-01 2.288902E-01 2.795470E-01 7.972909E-01 2.173032E-01 2.859232E+01 4.267749E-01
1.859700E+01 7.268724E+00 7.320222E+00 -8.428559E-01 -1.935510E-01 4.035032E-01 4.673660E-01 8.186299E-01 1.833305E-01 2.869496E+01 4.447564E-01
1.869700E+01 7.217782E+00 7.394106E+00 -5.840766E-01 1.059128E+00 2.328323E-01 2.889044E-01 5.720328E-01 4.307886E-01 2.879184E+01 4.283365E-01
1.879700E+01 7.155257E+00 7.504243E+00 -7.648610E-01 1.234707E+00 2.373741E-01 2.924838E-01 4.069750E-01 5.935009E-01 2.888631E+01 4.293146E-01
1.889700E+01 7.096766E+00 7.608943E+00 -5.382188E-01 9.940033E-01 2.434266E-01 3.001903E-01 5.682502E-01 4.319659E-01 2.897780E+01 4.303212E-01
1.899700E+01 7.038551E+00 7.712265E+00 -6.291024E-01 1.075786E+00 2.482300E-01 3.039900E-01 3.681364E-01 6.314905E-01 2.906742E+01 4.309605E-01
1.909700E+01 6.981653E+00 7.814008E+00 -4.128130E-01 8.624924E-01 2.462519E-01 3.048429E-01 3.844801E-01 6.170067E-01 2.915652E+01 4.315409E-01
1.919700E+01 6.967501E+00 7.873816E+00 7.161125E-02 3.895466E-01 2.394350E-01 2.996280E-01 4.892950E-01 5.115695E-01 2.924703E+01 4.322980E-01
1.929700E+01 6.994279E+00 7.893797E+00 4.401572E-01 3.379168E-02 2.326712E-01 2.939365E-01 5.615171E-01 4.396919E-01 2.933998E+01 4.327995E-01
1.939700E+01 7.048340E+00 7.887562E+00 5.736837E-01 -9.246145E-02 2.284640E-01 2.895561E-01 6.263456E-01 3.735361E-01 2.943540E+01 4.329988E-01
1.949700E+01 7.111120E+00 7.873245E+00 6.689345E-01 -1.800058E-01 2.249444E-01 2.857227E-01 8.001405E-01 2.001054E-01 2.953229E+01 4.329939E-01
1.959700E+01 7.171617E+00 7.861805E+00 4.977860E-01 -7.662620E-03 2.243540E-01 2.854465E-01 7.530311E-01 2.475471E-01 2.962998E+01 4.333979E-01
1.969700E+01 7.199287E+00 7.882697E+00 1.581298E-01 3.220462E-01 2.291732E-01 2.901386E-01 5.396104E-01 4.605347E-01 2.972684E+01 4.337112E-01
1.979700E+01 7.194810E+00 7.934640E+00 -2.262787E-01 6.970122E-01 2.338155E-01 2.956007E-01 2.369604E-01 7.638484E-01 2.982190E+01 4.336249E-01
1.989700E+01 7.171443E+00 8.005212E+00 -2.557177E-01 7.292944E-01 2.355527E-01 2.927862E-01 1.636742E-01 8.388846E-01 2.991610E+01 4.338149E-01
1.999700E+01 7.142461E+00 8.082059E+00 -2.186625E-01 7.037905E-01 2.339236E-01 2.882782E-01 7.016392E-02 9.380254E-01 3.001108E+01 4.344930E-01
2.009700E+01 7.125108E+00 8.150228E+00 -2.115835E-01 7.040288E-01 2.310152E-01 2.826212E-01 3.189272E-02 9.749931E-01 3.011167E+01 4.354894E-01
2.019700E+01 7.095337E+00 8.229917E+00 -3.660093E-01 8.561157E-01 2.302533E-01 2.809584E-01 -8.476129E-02 1.086521E+00 3.021036E+01 4.366650E-01
2.029700E+01 7.052141E+00 8.322414E+00 -4.049994E-01 8.935153E-01 2.304689E-01 2.799520E-01 -2.128244E-01 1.212270E+00 3.030831E+01 4.373561E-01
2.039700E+01 7.052430E+00 8.415321E+00 1.897025E-02 4.924397E-01 2.297267E-01 2.762441E-01 2.821002E-02 9.902924E-01 3.049372E+01 4.382039E-01
2.049700E+01 7.082265E+00 8.445177E+00 4.350102E-01 1.038667E-01 2.282035E-01 2.672081E-01 1.641262E-01 8.734898E-01 3.061151E+01 4.396078E-01
2.059700E+01 7.148717E+00 8.437160E+00 8.332383E-01 -3.076547E-01 2.198539E-01 2.544569E-01 2.653163E-01 7.350633E-01 3.072649E+01 4.415595E-01
2.069700E+01 7.250019E+00 8.389702E+00 1.331967E+00 -7.664837E-01 2.110368E-01 2.497430E-01 4.028485E-01 6.235461E-01 3.083161E+01 4.439188E-01
2.079700E+01 7.431866E+00 8.263981E+00 2.177363E+00 -1.576521E+00 2.048737E-01 2.497753E-01 8.739639E-01 1.933748E-01 3.094141E+01 4.461555E-01
2.089700E+01 7.660869E+00 8.101353E+00 2.088199E+00 -1.509726E+00 2.046206E-01 2.425262E-01 8.251381E-01 1.998255E-01 3.107191E+01 4.484968E-01
2.099700E+01 7.863383E+00 7.956243E+00 1.768693E+00 -1.211184E+00 2.041068E-01 2.442699E-01 7.905439E-01 2.151850E-01 3.118457E+01 4.507365E-01
2.109700E+01 8.000735E+00 7.873289E+00 9.205241E-01 -3.822235E-01 2.089268E-01 2.525749E-01 5.191445E-01 4.814326E-01 3.129256E+01 4.516127E-01
2.119700E+01 8.052869E+00 7.873873E+00 1.763653E-01 3.398620E-01 2.170580E-01 2.662229E-01 3.837964E-01 6.165390E-01 3.139851E+01 4.511984E-01
2.129700E+01 8.041351E+00 7.936009E+00 -3.396246E-01 8.356004E-01 2.249446E-01 2.760852E-01 3.592038E-01 6.385701E-01 3.150007E+01 4.509709E-01
2.139700E+01 7.975674E+00 8.049938E+00 -7.940109E-01 1.260850E+00 2.377511E-01 2.927633E-01 1.916484E-01 8.065188E-01 3.159663E+01 4.510358E-01
2.149700E+01 7.882510E+00 8.188377E+00 -1.008761E+00 1.450123E+00 2.481363E-01 3.069510E-01 -6.768295E-02 1.065229E+00 3.168777E+01 4.505750E-01
2.159700E+01 7.793477E+00 8.321346E+00 -8.744546E-01 1.297359E+00 2.528646E-01 3.186957E-01 -1.249940E-01 1.120084E+00 3.177723E+01 4.490760E-01
2.169700E+01 7.725070E+00 8.433502E+00 -5.737676E-01 1.029847E+00 2.548815E-01 3.157985E-01 -6.328501E-02 1.092185E+00 3.186679E+01 4.468852E-01
2.179700E+01 7.690948E+00 8.516108E+00 4.513257E-02 3.877512E-01 2.538213E-01 3.094677E-01 6.234686E-02 9.343562E-01 3.196628E+01 4.444677E-01
2.189700E+01 7.757777E+00 8.515546E+00 1.122315E+00 -6.444749E-01 2.482209E-01 2.948819E-01 4.607148E-01 5.606348E-01 3.210145E+01 4.415032E-01
2.199700E+01 7.902908E+00 8.418610E+00 1.590679E+00 -1.104046E+00 2.361198E-01 2.830677E-01 6.584914E-01 3.481172E-01 3.220032E+01 4.390222E-01
2.209700E+01 8.057630E+00 8.313019E+00 1.428021E+00 -9.354483E-01 2.295935E-01 2.806323E-01 8.288394E-01 1.747321E-01 3.229946E+01 4.380988E-01
2.219700E+01 8.186050E+00 8.233734E+00 1.168170E+00 -6.786662E-01 2.286061E-01 2.815360E-01 9.091209E-01 9.130588E-02 3.239772E+01 4.381088E-01
2.229700E+01 8.289162E+00 8.179124E+00 7.960844E-01 -3.167465E-01 2.320742E-01 2.863747E-01 7.657500E-01 2.328381E-01 3.249404E+01 4.388280E-01
2.239700E+01 8.345069E+00 8.170401E+00 3.233198E-01 1.415037E-01 2.384522E-01 2.941382E-01 5.513613E-01 4.468546E-01 3.258743E+01 4.398621E-01
2.249700E+01 8.366216E+00 8.194909E+00 1.492137E-01 2.987622E-01 2.441508E-01 3.036845E-01 6.025323E-01 3.940687E-01 3.267736E+01 4.413090E-01
2.259700E+01 8.355731E+00 8.249199E+00 -3.725957E-01 8.023025E-01 2.513028E-01 3.132471E-01 3.742280E-01 6.208331E-01 3.276375E+01 4.425977E-01
2.269700E+01 8.313774E+00 8.333849E+00 -3.835593E-01 8.096403E-01 2.557048E-01 3.153709E-01 5.504484E-01 4.487253E-01 3.284787E+01 4.438790E-01
2.279700E+01 8.271408E+00 8.433944E+00 -5.778134E-01 1.004379E+00 2.577508E-01 3.149537E-01 3.611873E-01 6.388364E-01 3.296225E+01 4.449245E-01
2.289700E+01 8.230450E+00 8.517726E+00 -3.090674E-01 7.383427E-01 2.565448E-01 3.107076E-01 5.080454E-01 4.893226E-01 3.304698E+01 4.458367E-01
2.299700E+01 8.210669E+00 8.581900E+00 -1.274606E-01 5.938549E-01 2.541699E-01 3.040034E-01 5.872283E-01 4.381018E-01 3.313452E+01 4.468536E-01
2.309700E+01 8.192304E+00 8.645481E+00 -2.247701E-01 6.731511E-01 2.491891E-01 3.034372E-01 5.142971E-01 4.875057E-01 3.322370E+01 4.482486E-01
2.319700E+01 8.166959E+00 8.715314E+00 -3.111304E-01 7.520350E-01 2.512184E-01 3.072703E-01 4.038666E-01 5.963064E-01 3.331145E+01 4.495270E-01
2.329700E+01 8.155112E+00 8.771012E+00 3.006153E-02 4.040858E-01 2.536210E-01 3.118722E-01 6.655058E-01 3.349206E-01 3.339791E+01 4.508048E-01
2.339700E+01 8.164049E+00 8.805506E+00 4.727570E-02 3.822510E-01 2.570891E-01 3.153848E-01 6.398650E-01 3.629159E-01 3.348329E+01 4.522857E-01
2.349700E+01 8.174516E+00 8.837294E+00 2.330181E-01 1.819174E-01 2.626207E-01 3.220729E-01 7.578090E-01 2.425869E-01 3.356624E+01 4.539027E-01
2.359700E+01 8.207237E+00 8.844939E+00 1.662076E-01 2.261414E-01 2.725781E-01 3.339386E-01 5.560391E-01 4.436023E-01 3.364598E+01 4.549739E-01
2.369700E+01 8.230380E+00 8.859814E+00 2.579221E-01 1.124395E-01 2.808121E-01 3.460490E-01 4.783752E-01 5.196244E-01 3.372164E+01 4.554302E-01
2.379700E+01 8.257227E+00 8.869244E+00 3.294901E-01 2.940629E-02 2.869235E-01 3.528837E-01 4.006489E-01 5.958815E-01 3.379398E+01 4.555949E-01
2.389700E+01 8.295990E+00 8.874858E+00 5.936910E-01 1.583855E-01 3.034890E-01 3.685888E-01 3.148388E-01 6.837531E-01 3.386488E+01 4.570316E-01
2.399800E+01 8.337964E+00 8.865864E+00 1.565514E-01 -2.437948E-01 3.309834E-01 3.996792E-01 1.400148E-01 8.661874E-01 3.393792E+01 4.615435E-01
2.409700E+01 8.383560E+00 8.849261E+00 5.259286E-01 -1.708918E-01 2.903278E-01 3.552096E-01 3.101663E-01 6.915934E-01 3.400898E+01 4.545416E-01
2.419900E+01 8.435507E+00 8.843251E+00 1.158701E+00 1.205037E+00 2.885357E-01 3.483802E-01 1.223642E+00 2.355966E+00 3.409258E+01 4.539000E-01
2.429800E+01 8.487289E+00 8.843882E+00 5.476803E-01 -1.688565E-01 2.891379E-01 3.396354E-01 4.348752E-01 5.734886E-01 3.420686E+01 4.532746E-01
2.439700E+01 8.537626E+00 8.830390E+00 4.476534E-01 -7.588992E-02 2.831978E-01 3.434147E-01 3.604708E-01 6.384328E-01 3.428229E+01 4.515561E-01
2.449900E+01 8.576776E+00 8.829294E+00 3.758941E-01 -2.267820E-03 2.785371E-01 3.472758E-01 5.502660E-01 4.497448E-01 3.436117E+01 4.487751E-01
2.459800E+01 8.607407E+00 8.835552E+00 2.506752E-01 1.173492E-01 2.800813E-01 3.523163E-01 5.676449E-01 4.332713E-01 3.443905E+01 4.447076E-01
2.469700E+01 8.638103E+00 8.841052E+00 3.545954E-01 8.706984E-03 2.817003E-01 3.572343E-01 7.371700E-01 2.658017E-01 3.451637E+01 4.398073E-01
2.479900E+01 8.707671E+00 8.852954E+00 3.221498E-01 5.245258E-02 2.835996E-01 3.442812E-01 6.850190E-01 3.180684E-01 3.468401E+01 4.350767E-01
2.489800E+01 8.738683E+00 8.860252E+00 2.064995E-01 1.876314E-01 2.740995E-01 3.332622E-01 6.183942E-01 3.834087E-01 3.476407E+01 4.315719E-01
2.499700E+01 8.744992E+00 8.892916E+00 -8.127336E-03 3.989940E-01 2.728976E-01 3.343814E-01 6.603735E-01 3.382679E-01 3.484461E+01 4.289797E-01
2.509900E+01 8.729943E+00 8.947760E+00 -3.610511E-01 7.460610E-01 2.751098E-01 3.381239E-01 5.628706E-01 4.358167E-01 3.492624E+01 4.269589E-01
2.519800E+01 8.690010E+00 9.030566E+00 -5.891558E-01 9.887622E-01 2.803397E-01 3.436670E-01 5.167106E-01 5.059241E-01 3.501397E+01 4.248583E-01
2.529700E+01 8.627060E+00 9.132430E+00 -6.985700E-01 1.088344E+00 2.849991E-01 3.505019E-01 3.544353E-01 6.715250E-01 3.509401E+01 4.226716E-01
2.539900E+01 8.572359E+00 9.225005E+00 -3.423284E-01 6.933318E-01 2.933889E-01 3.626817E-01 3.923171E-01 6.152344E-01 3.517228E+01 4.203004E-01
2.549800E+01 8.557477E+00 9.273876E+00 1.075734E-01 2.290460E-01 2.986668E-01 3.679919E-01 4.485586E-01 5.552025E-01 3.524287E+01 4.177285E-01
2.559700E+01 8.583334E+00 9.280862E+00 5.253535E-01 -1.982725E-01 3.017940E-01 3.728196E-01 6.814511E-01 3.207340E-01 3.531151E+01 4.147948E-01
2.569900E+01 8.637194E+00 9.259609E+00 5.145547E-01 -2.034487E-01 3.079761E-01 3.825509E-01 4.849260E-01 5.172042E-01 3.538015E+01 4.113866E-01
2.579800E+01 8.686802E+00 9.239771E+00 5.079107E-01 -2.169646E-01 3.171279E-01 3.928388E-01 4.407327E-01 5.606803E-01 3.544359E+01 4.075311E-01
2.589700E+01 8.729938E+00 9.224398E+00 3.587092E-01 -8.743050E-02 3.269218E-01 4.024373E-01 4.618102E-01 5.393443E-01 3.550284E+01 4.038528E-01
2.599900E+01 8.755690E+00 9.226053E+00 5.686477E-02 2.138608E-01 3.293404E-01 4.006573E-01 3.559986E-01 6.452373E-01 3.556064E+01 4.008726E-01
2.609800E+01 8.753949E+00 9.255209E+00 7.071052E-02 2.131576E-01 3.245233E-01 3.923975E-01 4.886111E-01 5.126735E-01 3.561710E+01 3.992089E-01
2.619700E+01 8.757092E+00 9.281224E+00 1.027429E-01 2.032684E-01 3.161451E-01 3.786766E-01 5.328486E-01 4.684602E-01 3.567623E+01 3.983503E-01
2.629900E+01 8.778294E+00 9.292354E+00 2.013116E-01 1.244335E-01 3.080272E-01 3.662588E-01 6.551936E-01 3.452918E-01 3.574052E+01 3.986789E-01
2.639800E+01 8.792639E+00 9.310941E+00 1.075361E-01 2.301838E-01 2.998741E-01 3.619996E-01 5.498328E-01 4.502071E-01 3.580525E+01 3.997936E-01
2.649700E+01 8.784564E+00 9.352758E+00 -3.001332E-01 6.436500E-01 2.951458E-01 3.601093E-01 3.150657E-01 6.841441E-01 3.587171E+01 4.008232E-01
2.659900E+01 8.755173E+00 9.417583E+00 -2.592918E-01 6.104275E-01 2.912601E-01 3.561378E-01 4.452937E-01 5.536661E-01 3.594212E+01 4.012744E-01
2.669800E+01 8.734081E+00 9.473653E+00 -2.063785E-01 5.615363E-01 2.885241E-01 3.539337E-01 6.046419E-01 3.933738E-01 3.601164E+01 4.017134E-01
2.679700E+01 8.719027E+00 9.524222E+00 -1.914344E-01 5.543433E-01 2.858090E-01 3.491500E-01 6.213720E-01 3.769116E-01 3.608167E+01 4.026997E-01
2.689900E+01 8.693971E+00 9.586758E+00 -2.433158E-01 6.141254E-01 2.816367E-01 3.462999E-01 4.554759E-01 5.436739E-01 3.615462E+01 4.046863E-01
2.699800E+01 8.682149E+00 9.635472E+00 8.199275E-02 2.921658E-01 2.796253E-01 3.446833E-01 4.929309E-01 5.059396E-01 3.622603E+01 4.070540E-01
2.709700E+01 8.689711E+00 9.665216E+00 5.878724E-02 3.219051E-01 2.787670E-01 3.404320E-01 3.736052E-01 6.267804E-01 3.629791E+01 4.097630E-01
2.719900E+01 8.694497E+00 9.699541E+00 1.064905E-01 2.820965E-01 2.773287E-01 3.360077E-01 3.539879E-01 6.477375E-01 3.637317E+01 4.126955E-01
2.729800E+01 8.706814E+00 9.725672E+00 1.800987E-01 2.097725E-01 2.767212E-01 3.329894E-01 3.057322E-01 6.946159E-01 3.644722E+01 4.155283E-01
2.739700E+01 8.718979E+00 9.752717E+00 2.778568E-03 4.007436E-01 2.718391E-01 3.247538E-01 -3.716100E-02 1.037662E+00 3.652269E+01 4.184222E-01
2.749900E+01 8.737354E+00 9.776309E+00 2.394363E-01 1.726723E-01 2.654981E-01 3.215005E-01 -2.413787E-01 1.242012E+00 3.660372E+01 4.212991E-01
2.759800E+01 8.777483E+00 9.783909E+00 3.733738E-01 6.010271E-02 2.671182E-01 3.222702E-01 -5.405456E-01 1.567904E+00 3.669675E+01 4.236376E-01
2.769700E+01 8.815745E+00 9.786298E+00 3.561961E-01 5.705546E-02 2.694943E-01 3.215168E-01 -6.849157E-01 1.689255E+00 3.677666E+01 4.250853E-01
2.779900E+01 8.851198E+00 9.797218E+00 6.768287E-01 -2.759796E-01 2.733537E-01 3.193170E-01 -3.631243E-01 1.356941E+00 3.686852E+01 4.259963E-01
2.789800E+01 8.939412E+00 9.764326E+00 1.133413E+00 -7.095256E-01 2.712559E-01 3.190828E-01 4.852334E-02 9.661132E-01 3.697861E+01 4.263974E-01
2.799700E+01 9.060800E+00 9.684212E+00 1.249160E+00 -8.379560E-01 2.724574E-01 3.224442E-01 7.209336E-02 9.344630E-01 3.706084E+01 4.267602E-01
2.809900E+01 9.198308E+00 9.587887E+00 1.425463E+00 -1.027960E+00 2.744848E-01 3.319893E-01 2.982042E-01 7.062664E-01 3.714285E+01 4.271398E-01
2.819800E+01 9.347312E+00 9.477313E+00 1.465023E+00 -1.088430E+00 2.806117E-01 3.446310E-01 5.302499E-01 4.720914E-01 3.721941E+01 4.274877E-01
2.829700E+01 9.475052E+00 9.385768E+00 9.932365E-01 -6.375485E-01 2.905920E-01 3.542085E-01 4.119929E-01 5.890310E-01 3.729126E+01 4.280607E-01
2.839900E+01 9.557220E+00 9.338835E+00 7.516113E-01 -4.193760E-01 2.989522E-01 3.694659E-01 7.075030E-01 2.937020E-01 3.736200E+01 4.278426E-01
2.849800E+01 9.616875E+00 9.310229E+00 2.458840E-01 4.907781E-02 3.137422E-01 3.900487E-01 5.888945E-01 4.104391E-01 3.742632E+01 4.257088E-01
2.859700E+01 9.631396E+00 9.322510E+00 -2.915537E-02 2.742573E-01 3.331201E-01 4.202944E-01 7.062522E-01 2.928798E-01 3.748346E+01 4.223126E-01
2.869900E+01 9.597768E+00 9.377787E+00 -4.299689E-01 6.147903E-01 3.578465E-01 4.584678E-01 5.788965E-01 4.230494E-01 3.753182E+01 4.174227E-01
2.879800E+01 9.552611E+00 9.440495E+00 7.978526E-02 6.640585E-01 3.794999E-01 4.787585E-01 1.294821E+00 4.555172E-01 3.756982E+01 4.119736E-01
2.889700E+01 9.497295E+00 9.514389E+00 -7.578722E-01 8.888689E-01 3.907029E-01 4.782934E-01 2.529007E-01 7.476878E-01 3.761450E+01 4.071089E-01
2.899900E+01 9.423821E+00 9.604517E+00 -5.697278E-01 7.465821E-01 3.950762E-01 4.748466E-01 2.541209E-01 7.867596E-01 3.765171E+01 4.030016E-01
2.909800E+01 9.446281E+00 9.711378E+00 -1.147769E-01 5.122632E-01 3.960494E-01 4.631067E-01 3.730536E-01 8.491190E-01 3.791281E+01 3.995220E-01
2.919700E+01 9.422526E+00 9.757082E+00 -3.285529E-02 2.230251E-01 3.735918E-01 4.405585E-01 1.258456E-01 8.790544E-01 3.796030E+01 3.969260E-01
2.929900E+01 9.436117E+00 9.764685E+00 1.609646E-01 5.547938E-02 3.598577E-01 4.260987E-01 1.211800E-01 8.818367E-01 3.800516E+01 3.943842E-01
2.939800E+01 9.464669E+00 9.758526E+00 1.992802E-01 3.546682E-02 3.485368E-01 4.174508E-01 1.440321E-01 8.573343E-01 3.805292E+01 3.913750E-01
2.949700E+01 9.481826E+00 9.765332E+00 7.456226E-02 1.725623E-01 3.415345E-01 4.144911E-01 5.548018E-04 1.003087E+00 3.810373E+01 3.884608E-01
2.959900E+01 9.502164E+00 9.769958E+00 2.390365E-01 4.396634E-03 3.426515E-01 4.144937E-01 -1.080142E-02 1.011966E+00 3.815676E+01 3.853851E-01
2.969800E+01 9.522027E+00 9.774173E+00 9.356866E-02 1.534816E-01 3.440312E-01 4.089217E-01 -3.738086E-01 1.374370E+00 3.820780E+01 3.825102E-01
2.979700E+01 9.533180E+00 9.789198E+00 -4.926891E-02 3.224755E-01 3.393146E-01 3.962235E-01 -5.558411E-01 1.565040E+00 3.826165E+01 3.809390E-01
2.989900E+01 9.518866E+00 9.833656E+00 -2.580928E-01 5.433891E-01 3.319212E-01 3.900632E-01 -5.463994E-01 1.552638E+00 3.832318E+01 3.796795E-01
2.999800E+01 9.501331E+00 9.887487E+00 1.213852E-01 3.101353E-01 3.255752E-01 3.898170E-01 -2.263427E-01 1.363129E+00 3.839682E+01 3.779006E-01
3.009700E+01 9.498149E+00 9.921078E+00 -1.953847E-02 3.204858E-01 3.245741E-01 3.957163E-01 -2.658237E-01 1.287697E+00 3.846130E+01 3.748665E-01
3.019900E+01 9.495917E+00 9.952759E+00 1.091148E-01 1.794210E-01 3.232565E-01 3.907198E-01 -2.227890E-01 1.225837E+00 3.852335E+01 3.717923E-01
3.029800E+01 9.527660E+00 9.950692E+00 5.432412E-01 -2.324262E-01 3.170454E-01 3.751442E-01 1.472857E-01 8.562382E-01 3.858378E+01 3.706309E-01
3.039700E+01 9.582407E+00 9.927276E+00 5.159179E-01 -1.986500E-01 3.158214E-01 3.677835E-01 1.902813E-01 8.111124E-01 3.864609E+01 3.709548E-01
3.049900E+01 9.634550E+00 9.907050E+00 4.509386E-01 -1.445362E-01 3.179227E-01 3.756446E-01 3.257659E-01 6.747362E-01 3.870911E+01 3.718015E-01
3.059800E+01 9.653605E+00 9.917307E+00 7.892865E-02 2.084000E-01 3.233819E-01 3.874214E-01 5.136731E-02 9.472946E-01 3.876764E+01 3.719627E-01
3.069700E+01 9.663827E+00 9.934429E+00 1.095096E-01 1.565185E-01 3.294118E-01 4.012510E-01 1.784276E-02 9.793803E-01 3.882345E+01 3.709157E-01
3.079900E+01 9.689515E+00 9.936974E+00 1.452773E+00 -5.920884E-01 3.400107E-01 4.145361E-01 1.564664E+00 1.852624E-01 3.887935E+01 3.688528E-01
3.089800E+01 9.714073E+00 9.947653E+00 4.209832E-01 -1.919706E-01 3.501466E-01 4.292489E-01 1.438581E-01 8.651293E-01 3.895529E+01 3.661022E-01
3.099700E+01 9.766686E+00 9.916488E+00 5.254729E-01 -3.133929E-01 3.561232E-01 4.337334E-01 2.510444E-01 7.514427E-01 3.900067E+01 3.636713E-01
3.109900E+01 9.801341E+00 9.903138E+00 1.079621E-01 9.719475E-02 3.612701E-01 4.340507E-01 2.088204E-01 7.922327E-01 3.904511E+01 3.618594E-01
3.119800E+01 9.794946E+00 9.929536E+00 -2.560153E-01 4.562727E-01 3.672744E-01 4.350509E-01 2.147884E-01 7.883848E-01 3.908695E+01 3.600265E-01
3.129700E+01 9.762183E+00 9.981908E+00 -3.592851E-01 5.544945E-01 3.703673E-01 4.356677E-01 2.653904E-01 7.364189E-01 3.912817E+01 3.580367E-01
3.139900E+01 9.726776E+00 1.003724E+01 -3.442716E-01 5.361663E-01 3.699393E-01 4.397951E-01 3.762159E-01 6.259676E-01 3.916997E+01 3.560835E-01
3.149800E+01 9.693622E+00 1.009381E+01 -2.018800E-01 5.097609E-01 3.710835E-01 4.434496E-01 6.143293E-01 5.444933E-01 3.921811E+01 3.542695E-01
3.159700E+01 9.679480E+00 1.012741E+01 -1.993531E-02 2.702084E-01 3.679397E-01 4.335962E-01 4.864228E-01 5.429525E-01 3.925898E+01 3.525976E-01
3.169900E+01 9.721739E+00 1.012885E+01 6.609693E-01 -4.140450E-01 3.588267E-01 4.218463E-01 8.950517E-01 1.328669E-01 3.934726E+01 3.517062E-01
3.179800E+01 9.790894E+00 1.008419E+01 7.839659E-01 -5.501193E-01 3.527531E-01 4.207080E-01 8.904860E-01 1.173508E-01 3.939716E+01 3.508722E-01
3.189700E+01 9.889504E+00 1.001076E+01 9.568629E-01 -6.892495E-01 3.468361E-01 4.149614E-01 1.160919E+00 -1.301004E-01 3.944840E+01 3.498236E-01
3.199900E+01 9.963886E+00 9.962197E+00 6.121957E-01 -3.535319E-01 3.385580E-01 4.023822E-01 1.158103E+00 -1.579157E-01 3.950067E+01 3.492294E-01
3.209800E+01 1.000147E+01 9.951092E+00 2.006273E-01 7.327988E-02 3.323872E-01 3.921814E-01 1.104184E+00 -1.051200E-01 3.955395E+01 3.488629E-01
3.219700E+01 1.000428E+01 9.976479E+00 -2.203908E-01 5.106806E-01 3.259584E-01 3.845035E-01 1.063789E+00 -6.253688E-02 3.961070E+01 3.484747E-01
3.229900E+01 9.948529E+00 1.006565E+01 -2.764131E-01 1.205294E+00 3.235859E-01 3.829139E-01 1.506176E+00 3.189066E-01 3.967487E+01 3.483737E-01
3.239800E+01 9.900884E+00 1.021722E+01 -9.955565E-01 1.299799E+00 3.212374E-01 3.742359E-01 7.049225E-01 2.957403E-01 3.988594E+01 3.479025E-01
3.249700E+01 9.820351E+00 1.032875E+01 -6.617950E-01 9.820517E-01 3.138664E-01 3.653294E-01 5.615158E-01 4.385167E-01 3.994908E+01 3.467352E-01
3.259900E+01 9.765244E+00 1.041753E+01 -3.154752E-01 6.513046E-01 3.056911E-01 3.576411E-01 3.076884E-01 6.920075E-01 4.001780E+01 3.453384E-01
3.269800E+01 9.762484E+00 1.045437E+01 1.691204E-01 1.861529E-01 2.989502E-01 3.472221E-01 2.340529E-01 7.679087E-01 4.008706E+01 3.442103E-01
3.279700E+01 9.804393E+00 1.044860E+01 7.170362E-01 -3.451108E-01 2.896274E-01 3.394694E-01 1.979256E-01 8.036009E-01 4.015904E+01 3.444527E-01
3.289900E+01 9.907757E+00 1.038402E+01 1.170942E+00 -7.832316E-01 2.832575E-01 3.314898E-01 2.625067E-01 7.405046E-01 4.023484E+01 3.461727E-01
3.299800E+01 1.002076E+01 1.030981E+01 1.105315E+00 -7.117768E-01 2.818783E-01 3.280855E-01 2.334968E-01 7.706444E-01 4.030967E+01 3.488917E-01
3.309700E+01 1.015713E+01 1.023552E+01 1.305557E+00 -9.174206E-01 2.832465E-01 3.297527E-01 5.672972E-01 4.342892E-01 4.043115E+01 3.515976E-01
3.319900E+01 1.029518E+01 1.013643E+01 1.190140E+00 -8.145463E-01 2.883783E-01 3.372142E-01 7.644768E-01 2.372553E-01 4.050685E+01 3.538325E-01
3.329800E+01 1.037756E+01 1.009022E+01 4.968989E-01 -1.408587E-01 2.953824E-01 3.471932E-01 6.362087E-01 3.629075E-01 4.057730E+01 3.557927E-01
3.339700E+01 1.040135E+01 1.010074E+01 5.711084E-02 2.802914E-01 3.037813E-01 3.567510E-01 6.329487E-01 3.655131E-01 4.064413E+01 3.576564E-01
3.349900E+01 1.038851E+01 1.014754E+01 -2.141110E-01 5.442775E-01 3.057025E-01 3.603478E-01 6.957675E-01 3.012799E-01 4.071046E+01 3.592745E-01
3.359800E+01 1.036715E+01 1.020705E+01 -5.389128E-01 8.720321E-01 3.067502E-01 3.581454E-01 5.325444E-01 4.658588E-01 4.078513E+01 3.609109E-01
3.369700E+01 1.031409E+01 1.029484E+01 -6.139171E-01 1.014330E+00 3.058156E-01 3.575225E-01 6.656592E-01 4.039303E-01 4.085307E+01 3.621912E-01
3.379900E+01 1.024453E+01 1.040780E+01 -8.377413E-01 1.179986E+00 3.023857E-01 3.616293E-01 5.319771E-01 4.748171E-01 4.093991E+01 3.623631E-01
3.389800E+01 1.017323E+01 1.051291E+01 -5.820548E-01 9.233709E-01 3.023519E-01 3.634653E-01 6.184895E-01 3.891429E-01 4.100818E+01 3.617293E-01
3.399700E+01 1.013659E+01 1.058296E+01 -1.316733E-01 4.681177E-01 3.017477E-01 3.632985E-01 7.774858E-01 2.245224E-01 4.107603E+01 3.607227E-01
3.409900E+01 1.012441E+01 1.062969E+01 -7.767234E-02 4.197328E-01 2.995287E-01 3.590178E-01 5.336023E-01 4.675169E-01 4.114572E+01 3.601013E-01
3.419800E+01 1.016851E+01 1.061999E+01 7.059747E-01 -3.535649E-01 2.955089E-01 3.526935E-01 1.037707E+00 -3.657662E-02 4.121454E+01 3.600344E-01
3.429700E+01 1.027410E+01 1.054977E+01 1.624139E+00 -1.262049E+00 2.894844E-01 3.490984E-01 1.692469E+00 -6.913007E-01 4.128463E+01 3.606256E-01
3.439900E+01 1.041278E+01 1.044853E+01 1.302888E+00 -9.324176E-01 2.873136E-01 3.424325E-01 1.426869E+00 -4.261289E-01 4.135874E+01 3.613670E-01
3.449800E+01 1.050930E+01 1.038863E+01 8.158130E-01 -4.485396E-01 2.888436E-01 3.429345E-01 1.270220E+00 -2.706538E-01 4.143124E+01 3.621392E-01
3.459700E+01 1.056638E+01 1.036714E+01 2.062723E-01 1.442643E-01 2.939205E-01 3.543832E-01 1.159196E+00 -1.598417E-01 4.150213E+01 3.624787E-01
3.469900E+01 1.055292E+01 1.041532E+01 -3.245015E-01 6.557224E-01 3.029530E-01 3.647442E-01 1.160451E+00 -1.610381E-01 4.157208E+01 3.620474E-01
3.479800E+01 1.048885E+01 1.051118E+01 -1.006852E+00 1.318063E+00 3.118942E-01 3.758059E-01 8.172110E-01 1.822072E-01 4.163641E+01 3.613691E-01
3.489700E+01 1.036712E+01 1.066280E+01 -1.231431E+00 1.526487E+00 3.185194E-01 3.855431E-01 5.752100E-01 4.244034E-01 4.169705E+01 3.605622E-01
3.499900E+01 1.022918E+01 1.083074E+01 -1.291259E+00 1.588079E+00 3.180589E-01 3.850265E-01 2.182121E-01 7.821445E-01 4.175793E+01 3.596791E-01
3.509800E+01 1.011219E+01 1.097772E+01 -1.019325E+00 1.328764E+00 3.119399E-01 3.787254E-01 -8.207919E-02 1.082678E+00 4.181846E+01 3.591092E-01
3.519700E+01 1.005293E+01 1.106843E+01 -3.022390E-02 3.554940E-01 3.067736E-01 3.682113E-01 1.012137E-01 8.995165E-01 4.188145E+01 3.589523E-01
3.529900E+01 1.010803E+01 1.104733E+01 8.611333E-01 -5.200717E-01 3.007025E-01 3.582765E-01 3.230535E-01 6.774650E-01 4.194930E+01 3.590408E-01
3.539800E+01 1.020963E+01 1.098025E+01 7.533795E-01 -3.988577E-01 2.952527E-01 3.491517E-01 -7.371431E-02 1.073126E+00 4.201777E+01 3.595486E-01
3.549700E+01 1.032405E+01 1.090147E+01 1.400731E+00 -1.037426E+00 2.914403E-01 3.438020E-01 5.634569E-01 4.355727E-01 4.208760E+01 3.609605E-01
3.559900E+01 1.044245E+01 1.082025E+01 8.860529E-01 -5.231190E-01 2.913917E-01 3.457393E-01 4.523768E-01 5.481534E-01 4.216016E+01 3.627440E-01
3.569800E+01 1.050374E+01 1.079408E+01 4.292745E-01 -7.871564E-02 2.992374E-01 3.589146E-01 4.121587E-01 5.973412E-01 4.222899E+01 3.641623E-01
3.579700E+01 1.054570E+01 1.078502E+01 3.088616E-01 8.015164E-03 3.130673E-01 3.732811E-01 5.424401E-01 4.612731E-01 4.229403E+01 3.650589E-01
3.589900E+01 1.058697E+01 1.080003E+01 1.616948E-01 1.407666E-01 3.242159E-01 3.867287E-01 4.397700E-01 5.740699E-01 4.240646E+01 3.651732E-01
3.599800E+01 1.059490E+01 1.082035E+01 2.627737E-03 2.748891E-01 3.304623E-01 3.938501E-01 3.790763E-01 6.232993E-01 4.246338E+01 3.648728E-01
3.609700E+01 1.060298E+01 1.083946E+01 4.363646E-03 2.666820E-01 3.346954E-01 3.963780E-01 2.426866E-01 7.600097E-01 4.251788E+01 3.647369E-01
3.619900E+01 1.062309E+01 1.084645E+01 2.024885E-01 5.841286E-02 3.398037E-01 3.998156E-01 3.712597E-01 6.298190E-01 4.257200E+01 3.648633E-01
3.629800E+01 1.064463E+01 1.085032E+01 2.184491E-01 3.460760E-02 3.434154E-01 4.048718E-01 3.546061E-01 6.472960E-01 4.262278E+01 3.649453E-01
3.639700E+01 1.068206E+01 1.083776E+01 4.595803E-01 -2.085961E-01 3.430181E-01 4.070963E-01 5.056240E-01 4.960321E-01 4.267262E+01 3.648387E-01
3.649900E+01 1.073637E+01 1.080919E+01 6.031347E-01 -3.506038E-01 3.423027E-01 4.061050E-01 4.677443E-01 5.337489E-01 4.272404E+01 3.649004E-01
3.659800E+01 1.079607E+01 1.077407E+01 5.727543E-01 -3.293706E-01 3.460656E-01 4.103807E-01 3.980344E-01 6.023547E-01 4.277327E+01 3.648433E-01
3.669700E+01 1.084282E+01 1.075098E+01 4.325119E-01 -1.962914E-01 3.487296E-01 4.143109E-01 2.722648E-01 7.275577E-01 4.282082E+01 3.646428E-01
3.679900E+01 1.089170E+01 1.072613E+01 4.375128E-01 -2.029228E-01 3.478080E-01 4.167049E-01 3.276626E-01 6.719979E-01 4.286919E+01 3.643329E-01
3.689800E+01 1.093249E+01 1.070851E+01 3.541971E-01 -1.195199E-01 3.488134E-01 4.176080E-01 4.366748E-01 5.650012E-01 4.291579E+01 3.640542E-01
3.699700E+01 1.096763E+01 1.069666E+01 1.714070E-01 6.464524E-02 3.474339E-01 4.173519E-01 4.410443E-01 5.603462E-01 4.296228E+01 3.641411E-01
3.709900E+01 1.098896E+01 1.069924E+01 2.371344E-01 -4.990770E-03 3.477929E-01 4.198396E-01 7.649094E-01 2.354343E-01 4.301032E+01 3.639231E-01
3.719800E+01 1.097148E+01 1.073958E+01 -5.163391E-01 7.461663E-01 3.512454E-01 4.181641E-01 5.855996E-01 4.142071E-01 4.305628E+01 3.636763E-01
3.729700E+01 1.090104E+01 1.083253E+01 -1.012082E+00 1.236229E+00 3.551808E-01 4.196424E-01 5.690373E-01 4.305051E-01 4.310116E+01 3.638222E-01
3.739900E+01 1.077065E+01 1.098523E+01 -1.466178E+00 1.678565E+00 3.611656E-01 4.249485E-01 4.173923E-01 5.816851E-01 4.314596E+01 3.636804E-01
3.749800E+01 1.061450E+01 1.116174E+01 -1.330312E+00 1.530347E+00 3.659673E-01 4.325373E-01 5.023734E-01 4.967496E-01 4.318773E+01 3.626718E-01
3.759700E+01 1.048342E+01 1.131230E+01 -1.271475E+00 1.465541E+00 3.683069E-01 4.348550E-01 2.519871E-01 7.458256E-01 4.322754E+01 3.618351E-01
3.769900E+01 1.037871E+01 1.143661E+01 -6.530999E-01 8.458523E-01 3.687418E-01 4.317938E-01 2.255730E-01 7.681607E-01 4.326689E+01 3.617131E-01
3.779800E+01 1.035217E+01 1.148317E+01 -2.078447E-02 2.344485E-01 3.617141E-01 4.195982E-01 1.378277E-01 8.574478E-01 4.330614E+01 3.624427E-01
3.789700E+01 1.038711E+01 1.147206E+01 5.696100E-01 -3.138369E-01 3.539824E-01 4.082109E-01 7.546043E-02 9.429994E-01 4.335230E+01 3.638104E-01
3.799900E+01 1.046612E+01 1.142743E+01 1.013524E+00 -6.666365E-01 3.465450E-01 3.984338E-01 2.289293E-02 1.087656E+00 4.341896E+01 3.655279E-01
3.809800E+01 1.057631E+01 1.141745E+01 7.708876E-01 -5.005189E-01 3.385131E-01 3.946353E-01 -4.513466E-01 1.455482E+00 4.361817E+01 3.669775E-01
3.819700E+01 1.065563E+01 1.136491E+01 7.525975E-01 -4.830349E-01 3.362113E-01 3.960577E-01 -4.649859E-01 1.467442E+00 4.367058E+01 3.681332E-01
3.829900E+01 1.072329E+01 1.132474E+01 8.118994E-01 -5.407637E-01 3.346909E-01 3.949892E-01 -4.007072E-01 1.402129E+00 4.372417E+01 3.694849E-01
3.839800E+01 1.080817E+01 1.126713E+01 9.664679E-01 -6.856791E-01 3.288472E-01 3.898893E-01 -1.147572E-01 1.114881E+00 4.377719E+01 3.709943E-01
3.849700E+01 1.087710E+01 1.122630E+01 4.505260E-01 -1.664986E-01 3.282298E-01 3.869424E-01 -6.601843E-02 1.065804E+00 4.383161E+01 3.727385E-01
3.859900E+01 1.090011E+01 1.123199E+01 2.832823E-02 2.511547E-01 3.280088E-01 3.905956E-01 2.342018E-02 9.752492E-01 4.388758E+01 3.742146E-01
3.869800E+01 1.090309E+01 1.125667E+01 8.693675E-04 2.772987E-01 3.277359E-01 3.918696E-01 1.030510E-01 8.952947E-01 4.394155E+01 3.755746E-01
3.877300E+01 1.091118E+01 1.126919E+01 2.377874E-01 3.299086E-02 3.293119E-01 3.974839E-01 2.934399E-01 7.047130E-01 4.398177E+01 3.766053E-01
